6.9011181017e+00 589.515
6.9730328449e+00 608.265
7.0456969928e+00 627.065
7.1191183547e+00 645.946
7.1933048215e+00 665.107
7.2682643659e+00 684.712
7.3440050441e+00 704.767
7.4205349961e+00 725.279
7.4978624467e+00 746.256
7.5759957063e+00 767.705
7.6549431722e+00 789.633
7.7347133289e+00 812.048
7.8153147495e+00 834.958
7.8967560965e+00 858.369
7.9790461223e+00 882.289
8.0621936709e+00 906.727
8.1462076784e+00 931.689
8.2310971738e+00 957.185
8.3168712804e+00 983.22
8.4035392164e+00 1009.8
8.4911102964e+00 1036.94
8.5795939316e+00 1064.65
8.6689996315e+00 1092.93
8.7593370049e+00 1121.79
8.8506157603e+00 1151.23
8.9428457077e+00 1181.28
9.0360367593e+00 1211.93
9.1301989303e+00 1243.19
9.2253423407e+00 1275.08
9.3214772156e+00 1307.6
9.4186138869e+00 1340.76
9.5167627939e+00 1374.57
9.6159344850e+00 1409.03
9.7161396183e+00 1444.17
9.8173889631e+00 1479.97
9.9196934007e+00 1516.47
1.0023063926e+01 1553.65
1.0127511649e+01 1591.55
1.0233047793e+01 1630.15
1.0339683703e+01 1669.49
1.0447430837e+01 1709.56
1.0556300776e+01 1750.38
1.0666305220e+01 1791.95
1.0777455991e+01 1834.29
1.0889765036e+01 1877.4
1.1003244423e+01 1921.3
1.1117906350e+01 1965.99
1.1233763139e+01 2011.5
1.1350827240e+01 2057.81
1.1469111236e+01 2104.96
1.1588627839e+01 2152.94
1.1709389893e+01 2201.78
1.1831410376e+01 2251.47
1.1954702403e+01 2302.03
1.2079279224e+01 2353.47
1.2205154227e+01 2405.76
1.2332340941e+01 2458.92
1.2460853034e+01 2512.94
1.2590704318e+01 2567.85
1.2721908748e+01 2623.66
1.2854480425e+01 2680.36
1.2988433597e+01 2737.97
1.3123782660e+01 2796.5
1.3260542160e+01 2855.95
1.3398726794e+01 2916.35
1.3538351415e+01 2977.69
1.3679431027e+01 3039.99
1.3821980793e+01 3103.26
1.3966016033e+01 3167.51
1.4111552226e+01 3232.74
1.4258605014e+01 3298.97
1.4407190200e+01 3366.2
1.4557323753e+01 3434.45
1.4709021809e+01 3503.73
1.4862300671e+01 3574.05
1.5017176811e+01 3645.41
1.5173666875e+01 3717.83
1.5331787681e+01 3791.32
1.5491556223e+01 3865.88
1.5652989671e+01 3941.54
1.5816105374e+01 4018.3
1.5980920863e+01 4096.16
1.6147453851e+01 4175.15
1.6315722236e+01 4255.27
1.6485744102e+01 4336.53
1.6657537721e+01 4418.95
1.6831121556e+01 4502.54
1.7006514263e+01 4587.3
1.7183734692e+01 4673.24
1.7362801888e+01 4760.39
1.7543735096e+01 4848.75
1.7726553762e+01 4938.33
1.7911277533e+01 5029.15
1.8097926262e+01 5121.21
1.8286520009e+01 5214.53
1.8477079042e+01 5309.12
1.8669623841e+01 5404.99
1.8864175098e+01 5502.15
1.9060753723e+01 5600.62
1.9259380843e+01 5700.41
1.9460077803e+01 5801.54
1.9662866174e+01 5904
1.9867767750e+01 6007.82
2.0074804551e+01 6112.96
2.0283998828e+01 6219.28
2.0495373064e+01 6326.68
2.0708949976e+01 6435.16
2.0924752517e+01 6544.73
2.1142803879e+01 6655.39
2.1363127498e+01 6767.13
2.1585747051e+01 6879.97
2.1810686464e+01 6993.88
2.2037969912e+01 7108.89
2.2267621821e+01 7224.98
2.2499666872e+01 7342.16
2.2734130005e+01 7460.43
2.2971036416e+01 7579.79
2.3210411566e+01 7700.24
2.3452281183e+01 7821.77
2.3696671259e+01 7944.39
2.3943608060e+01 8068.1
2.4193118125e+01 8192.9
2.4445228269e+01 8318.79
2.4699965586e+01 8445.76
2.4957357455e+01 8573.82
2.5217431537e+01 8702.97
2.5480215782e+01 8833.2
2.5745738433e+01 8964.53
2.6014028027e+01 9096.93
2.6285113395e+01 9230.43
2.6559023674e+01 9365.01
2.6835788299e+01 9500.67
2.7115437017e+01 9637.43
2.7397999880e+01 9775.26
2.7683507256e+01 9914.18
2.7971989831e+01 10054.2
2.8263478606e+01 10195.3
2.8558004910e+01 10337.4
2.8855600395e+01 10480.7
2.9156297045e+01 10625
2.9460127176e+01 10770.5
2.9767123441e+01 10917
3.0077318833e+01 11064.6
3.0390746691e+01 11213.2
3.0707440698e+01 11363
3.1027434890e+01 11513.8
3.1350763658e+01 11665.7
3.1677461750e+01 11818.7
3.2007564278e+01 11972.8
3.2341106717e+01 12127.9
3.2678124915e+01 12284.2
3.3018655091e+01 12441.5
3.3362733842e+01 12599.9
3.3710398149e+01 12759.3
3.4061685374e+01 12919.9
3.4416633271e+01 13081.5
3.4775279987e+01 13244.2
3.5137664066e+01 13408
3.5503824455e+01 13572.9
3.5873800505e+01 13738.8
3.6247631979e+01 13905.8
3.6625359053e+01 14073.9
3.7007022322e+01 14243.1
3.7392662803e+01 14413.4
3.7782321943e+01 14584.7
3.8176041619e+01 14757.1
3.8573864144e+01 14930.6
3.8975832273e+01 15105.2
3.9381989207e+01 15280.9
3.9792378596e+01 15457.6
4.0207044546e+01 15635.4
4.0626031620e+01 15814.3
4.1049384849e+01 15994.3
4.1477149731e+01 16175.4
4.1909372239e+01 16357.5
4.2346098824e+01 16540.8
4.2787376423e+01 16725.1
4.3233252459e+01 16910.5
4.3683774853e+01 17097
4.4138992023e+01 17284.6
4.4598952892e+01 17473.3
4.5063706892e+01 17663
4.5533303972e+01 17853.9
4.6007794600e+01 18045.8
4.6487229771e+01 18238.8
4.6971661010e+01 18432.9
4.7461140380e+01 18628.2
4.7955720486e+01 18824.5
4.8455454482e+01 19021.9
4.8960396075e+01 19220.4
4.9470599531e+01 19420
4.9986119685e+01 19620.7
5.0507011939e+01 19822.5
5.1033332274e+01 20025.4
5.1565137256e+01 20229.5
5.2102484038e+01 20434.6
5.2645430370e+01 20640.8
5.3194034603e+01 20848.2
5.3748355698e+01 21056.6
5.4308453227e+01 21266.2
5.4874387386e+01 21476.9
5.5446218996e+01 21688.7
5.6024009514e+01 21901.7
5.6607821036e+01 22115.7
5.7197716304e+01 22330.9
5.7793758716e+01 22547.2
5.8396012330e+01 22764.7
5.9004541871e+01 22983.2
5.9619412739e+01 23202.9
6.0240691015e+01 23423.8
6.0868443470e+01 23645.8
6.1502737568e+01 23868.9
6.2143641478e+01 24093.2
6.2791224081e+01 24318.6
6.3445554972e+01 24545.2
6.4106704473e+01 24772.9
6.4774743641e+01 25001.8
6.5449744269e+01 25231.8
6.6131778902e+01 25463.1
6.6820920839e+01 25695.4
6.7517244144e+01 25929
6.8220823652e+01 26163.7
6.8931734977e+01 26399.6
6.9650054523e+01 26636.7
7.0375859488e+01 26874.9
7.1109227877e+01 27114.4
7.1850238506e+01 27355
7.2598971012e+01 27596.8
7.3355505864e+01 27839.9
7.4119924366e+01 28084.1
7.4892308674e+01 28329.5
7.5672741796e+01 28576.2
7.6461307608e+01 28824.1
7.7258090857e+01 29073.1
7.8063177175e+01 29323.4
7.8876653087e+01 29575
7.9698606018e+01 29827.7
8.0529124306e+01 30081.7
8.1368297206e+01 30337
8.2216214908e+01 30593.4
8.3072968538e+01 30851.2
8.3938650173e+01 31110.1
8.4813352849e+01 31370.4
8.5697170573e+01 31631.9
8.6590198329e+01 31894.7
8.7492532094e+01 32158.7
8.8404268842e+01 32424
8.9325506561e+01 32690.6
9.0256344256e+01 32958.5
9.1196881966e+01 33227.7
9.2147220774e+01 33498.2
9.3107462813e+01 33770
9.4077711283e+01 34043.1
9.5058070458e+01 34317.5
9.6048645700e+01 34593.2
9.7049543466e+01 34870.3
9.8060871325e+01 35148.7
9.9082737967e+01 35428.4
1.0011525321e+02 35709.4
1.0115852803e+02 35991.5
1.0221267454e+02 36274.4
1.0327780604e+02 36558
1.0435403699e+02 36842.4
1.0544148306e+02 37127.6
1.0654026112e+02 37413.5
1.0765048926e+02 37700.2
1.0877228680e+02 37987.7
1.0990577430e+02 38276
1.1105107357e+02 38565
1.1220830770e+02 38854.8
1.1337760107e+02 39145.4
1.1455907934e+02 39436.8
1.1575286949e+02 39728.9
1.1695909981e+02 40021.7
1.1817789993e+02 40315.4
1.1940940086e+02 40609.8
1.2065373493e+02 40904.9
1.2191103589e+02 41200.9
1.2318143884e+02 41497.6
1.2446508034e+02 41795
1.2576209832e+02 42093.3
1.2707263219e+02 42392.3
1.2839682279e+02 42692
1.2973481243e+02 42992.6
1.3108674491e+02 43293.9
1.3245276553e+02 43595.9
1.3383302109e+02 43898.8
1.3522765993e+02 44202.4
1.3663683193e+02 44506.7
1.3806068855e+02 44811.9
1.3949938281e+02 45117.8
1.4095306932e+02 45424.5
1.4242190431e+02 45731.9
1.4390604565e+02 46040.2
1.4540565284e+02 46349.2
1.4692088705e+02 46659
1.4845191111e+02 46969.5
1.4999888957e+02 47280.9
1.5156198869e+02 47593
1.5314137646e+02 47905.9
1.5473722261e+02 48219.6
1.5634969865e+02 48534.1
1.5797897789e+02 48849.4
1.5962523542e+02 49165.4
1.6128864816e+02 49482.3
1.6296939490e+02 49800
1.6466765625e+02 50118.4
1.6638361475e+02 50437.6
1.6811745479e+02 50757.7
1.6986936273e+02 51078.5
1.7163952685e+02 51400.2
1.7342813737e+02 51722.6
1.7523538655e+02 52045.9
1.7706146859e+02 52370
1.7890657975e+02 52694.9
1.8077091833e+02 53020.6
1.8265468470e+02 53347.2
1.8455808130e+02 53674.5
1.8648131270e+02 54002.7
1.8842458559e+02 54331.7
1.9038810882e+02 54661.6
1.9237209341e+02 54992.3
1.9437675258e+02 55323.8
1.9640230178e+02 55656.2
1.9844895870e+02 55989.4
2.0051694329e+02 56323.3
2.0260647781e+02 56657.7
2.0471778682e+02 56992.3
2.0685109722e+02 57327.1
2.0900663830e+02 57662
2.1118464170e+02 57997
2.1338534151e+02 58332.3
2.1560897424e+02 58667.7
2.1785577885e+02 59003.3
2.2012599683e+02 59339
2.2241987216e+02 59674.9
2.2473765136e+02 60011
2.2707958353e+02 60347.2
2.2944592036e+02 60683.6
2.3183691617e+02 61020.1
2.3425282791e+02 61356.8
2.3669391525e+02 61693.7
2.3916044051e+02 62030.7
2.4165266878e+02 62367.9
2.4417086792e+02 62705.2
2.4671530854e+02 63042.7
2.4928626412e+02 63380.4
2.5188401095e+02 63718.2
2.5450882822e+02 64056.2
2.5716099802e+02 64394.3
2.5984080539e+02 64732.6
2.6254853833e+02 65071.1
2.6528448784e+02 65409.7
2.6804894797e+02 65748.5
2.7084221581e+02 66087.4
2.7366459156e+02 66426.6
2.7651637855e+02 66765.8
2.7939788327e+02 67105.3
2.8230941539e+02 67444.9
2.8525128783e+02 67784.7
2.8822381674e+02 68124.7
2.9122732160e+02 68464.8
2.9426212520e+02 68805.2
2.9732855369e+02 69145.7
3.0042693663e+02 69486.3
3.0355760701e+02 69827.2
3.0672090128e+02 70168.2
3.0991715941e+02 70509.4
3.1314672492e+02 70850.8
3.1640994487e+02 71192.4
3.1970716999e+02 71534.2
3.2303875462e+02 71876.2
3.2640505683e+02 72218.3
3.2980643839e+02 72560.7
3.3324326485e+02 72903.2
3.3671590558e+02 73246
3.4022473380e+02 73589
3.4377012659e+02 73932.1
3.4735246499e+02 74275.5
3.5097213400e+02 74619.1
3.5462952263e+02 74962.9
3.5832502395e+02 75306.9
3.6205903512e+02 75651.1
3.6583195744e+02 75995.5
3.6964419640e+02 76340.2
3.7349616170e+02 76685.1
3.7738826732e+02 77030.2
3.8132093156e+02 77375.5
3.8529457706e+02 77721.1
3.8930963087e+02 78066.9
3.9336652451e+02 78413
3.9746569398e+02 78759.3
4.0160757981e+02 79105.9
4.0579262716e+02 79452.7
4.1002128578e+02 79799.7
4.1429401015e+02 80147
4.1861125946e+02 80494.6
4.2297349769e+02 80842.4
4.2738119367e+02 81190.5
4.3183482108e+02 81538.9
4.3633485859e+02 81887.5
4.4088178980e+02 82236.4
4.4547610339e+02 82585.6
4.5011829313e+02 82935.1
4.5480885790e+02 83284.8
4.5954830182e+02 83634.8
4.6433713424e+02 83985.2
4.6917586983e+02 84335.8
4.7406502862e+02 84686.7
4.7900513605e+02 85038
4.8399672304e+02 85389.5
4.8904032605e+02 85741.4
4.9413648713e+02 86093.6
4.9928575397e+02 86446
5.0448867997e+02 86798.8
5.0974582430e+02 87152
5.1505775195e+02 87505.4
5.2042503380e+02 87859.2
5.2584824670e+02 88213.4
5.3132797347e+02 88567.9
5.3686480304e+02 88922.7
5.4245933046e+02 89277.9
5.4811215698e+02 89633.4
5.5382389013e+02 89989.3
5.5959514376e+02 90345.5
5.6542653810e+02 90702.1
5.7131869988e+02 91059.1
5.7727226233e+02 91416.4
5.8328786529e+02 91774.2
5.8936615528e+02 92132.3
5.9550778553e+02 92490.8
6.0171341610e+02 92849.7
6.0798371393e+02 93208.9
6.1431935288e+02 93568.6
6.2072101387e+02 93928.7
6.2718938488e+02 94289.2
6.3372516110e+02 94650.1
6.4032904493e+02 95011.4
6.4700174610e+02 95373.1
6.5374398174e+02 95735.2
6.6055647646e+02 96097.8
6.6743996239e+02 96460.8
6.7439517933e+02 96824.3
6.8142287476e+02 97188.2
6.8852380396e+02 97552.5
6.9569873008e+02 97917.3
7.0294842423e+02 98282.5
7.1027366555e+02 98648.2
7.1767524128e+02 99014.3
7.2515394689e+02 99381
7.3271058614e+02 99748
7.4034597114e+02 100116
7.4806092249e+02 100484
7.5585626932e+02 100852
7.6373284943e+02 101221
7.7169150930e+02 101591
7.7973310429e+02 101961
7.8785849863e+02 102331
7.9606856558e+02 102702
8.0436418748e+02 103074
8.1274625589e+02 103446
8.2121567163e+02 103818
8.2977334493e+02 104191
8.3842019551e+02 104565
8.4715715265e+02 104939
8.5598515533e+02 105314
8.6490515231e+02 105689
8.7391810224e+02 106065
8.8302497376e+02 106441
8.9222674561e+02 106818
9.0152440671e+02 107195
9.1091895629e+02 107573
9.2041140402e+02 107952
9.3000277005e+02 108331
9.3969408520e+02 108711
9.4948639101e+02 109091
9.5938073986e+02 109472
9.6937819513e+02 109853
9.7947983127e+02 110235
9.8968673391e+02 110618
1.0000000000e+03 111001
