#rho	 Pc
 1.000000000000000E-06 -4.894990800849391E-04
 1.010420737937740E-06 -4.959378485636220E-04
 1.020950067654650E-06 -5.021264491625022E-04
 1.031589120757197E-06 -5.080647226196812E-04
 1.042339040644032E-06 -5.137519262226231E-04
 1.053200982628861E-06 -5.191898973819515E-04
 1.064176114064607E-06 -5.243853795538320E-04
 1.075265614468877E-06 -5.293448450019446E-04
 1.086470675650723E-06 -5.340798768336138E-04
 1.097792501838719E-06 -5.386066046145000E-04
 1.109232309810396E-06 -5.429426472108645E-04
 1.120791329023007E-06 -5.471140529675613E-04
 1.132470801745647E-06 -5.511438585051925E-04
 1.144271983192781E-06 -5.550469646501614E-04
 1.156196141659132E-06 -5.588345249023877E-04
 1.168244558655990E-06 -5.625186991588602E-04
 1.180418529048935E-06 -5.661152730859493E-04
 1.192719361197007E-06 -5.696421321707954E-04
 1.205148377093313E-06 -5.731227748774932E-04
 1.217706912507095E-06 -5.765817570658799E-04
 1.230396317127306E-06 -5.800480271838384E-04
 1.243217954707653E-06 -5.835571890917320E-04
 1.256173203213155E-06 -5.871469031382383E-04
 1.269263454968251E-06 -5.908567891594651E-04
 1.282490116806429E-06 -5.947160142570399E-04
 1.295854610221411E-06 -5.987416980644269E-04
 1.309358371519941E-06 -6.029574571304267E-04
 1.323002851976139E-06 -6.073859665952223E-04
 1.336789517987466E-06 -6.120497981360764E-04
 1.350719851232331E-06 -6.169768998139638E-04
 1.364795348829330E-06 -6.221963564169400E-04
 1.379017523498127E-06 -6.277379427444515E-04
 1.393387903722052E-06 -6.336345154343918E-04
 1.407908033912360E-06 -6.399214514527486E-04
 1.422579474574200E-06 -6.466317114420602E-04
 1.437403802474346E-06 -6.537711080814802E-04
 1.452382610810646E-06 -6.613233158518551E-04
 1.467517509383235E-06 -6.692654656949201E-04
 1.482810124767563E-06 -6.775660701867451E-04
 1.498262100489193E-06 -6.861892656870465E-04
 1.513875097200443E-06 -6.950894306865983E-04
 1.529650792858839E-06 -7.042139160684561E-04
 1.545590882907478E-06 -7.134992303934817E-04
 1.561697080457221E-06 -7.228718274070098E-04
 1.577971116470800E-06 -7.322453943025716E-04
 1.594414739948865E-06 -7.415292677077613E-04
 1.611029718117946E-06 -7.506821215517432E-04
 1.627817836620365E-06 -7.597109383140577E-04
 1.644780899706165E-06 -7.686301406820506E-04
 1.661920730427007E-06 -7.774589869925808E-04
 1.679239170832085E-06 -7.862204996437593E-04
 1.696738082166114E-06 -7.949411733918536E-04
 1.714419345069355E-06 -8.036504202061089E-04
 1.732284859779715E-06 -8.123874442280964E-04
 1.750336546336994E-06 -8.211954063995856E-04
 1.768576344789225E-06 -8.301249589413465E-04
 1.787006215401161E-06 -8.392283484947050E-04
 1.805628138864969E-06 -8.485153081360250E-04
 1.824444116513095E-06 -8.579495058278787E-04
 1.843456170533329E-06 -8.674750562323725E-04
 1.862666344186168E-06 -8.770286338833193E-04
 1.882076702024380E-06 -8.865403156588990E-04
 1.901689330114907E-06 -8.959282580651965E-04
 1.921506336263031E-06 -9.050987187985086E-04
 1.941529850238935E-06 -9.139464965259586E-04
 1.961762024006580E-06 -9.223539258110979E-04
 1.982205031954964E-06 -9.301831849576665E-04
 2.002861071131836E-06 -9.372893077741694E-04
 2.023732361479807E-06 -9.436123314829791E-04
 2.044821146074913E-06 -9.492133680910682E-04
 2.066129691367709E-06 -9.541937657952173E-04
 2.087660287426840E-06 -9.586744853816210E-04
 2.109415248185143E-06 -9.627975343866159E-04
 2.131396911688354E-06 -9.667269095279368E-04
 2.153607640346372E-06 -9.706584313146437E-04
 2.176049821187136E-06 -9.748117872603680E-04
 2.198725866113194E-06 -9.794421349908385E-04
 2.221638212160895E-06 -9.848443566826267E-04
 2.244789321762294E-06 -9.913438015935268E-04
 2.268181683009816E-06 -9.991528945023169E-04
 2.291817809923650E-06 -1.008281722916124E-03
 2.315700242721909E-06 -1.018665128652554E-03
 2.339831548093676E-06 -1.030227793767984E-03
 2.364214319474822E-06 -1.042872003786996E-03
 2.388851177326722E-06 -1.056478330972336E-03
 2.413744769417906E-06 -1.070899661899363E-03
 2.438897771108601E-06 -1.085962308740846E-03
 2.464312885638268E-06 -1.101459698581306E-03
 2.489992844416101E-06 -1.117150063979163E-03
 2.515940407314610E-06 -1.132751587168994E-03
 2.542158362966213E-06 -1.148052244731780E-03
 2.568649529062918E-06 -1.162993250945250E-03
 2.595416752659183E-06 -1.177580014044038E-03
 2.622462910477871E-06 -1.191818222455477E-03
 2.649790909219404E-06 -1.205714887717691E-03
 2.677403685874186E-06 -1.219280097559530E-03
 2.705304208038227E-06 -1.232531253741401E-03
 2.733495474232059E-06 -1.245492962297422E-03
 2.761980514223030E-06 -1.258194445905376E-03
 2.790762389350900E-06 -1.270674708016538E-03
 2.819844192856827E-06 -1.282976298809637E-03
 2.849229050215847E-06 -1.295152214785223E-03
 2.878920119472749E-06 -1.307262984583749E-03
 2.908920591581463E-06 -1.319373654601199E-03
 2.939233690748029E-06 -1.331563241680094E-03
 2.969862674777099E-06 -1.343920760991151E-03
 3.000810835422027E-06 -1.356551589981412E-03
 3.032081498738691E-06 -1.369568317089841E-03
 3.063678025442924E-06 -1.383105224040293E-03
 3.095603811271679E-06 -1.397312690653261E-03
 3.127862287348010E-06 -1.412355986393007E-03
 3.160456920549805E-06 -1.428431245257520E-03
 3.193391213882379E-06 -1.445678686861177E-03
 3.226668706854929E-06 -1.464082587133533E-03
 3.260292975860972E-06 -1.483518592589627E-03
 3.294267634562682E-06 -1.503843411062366E-03
 3.328596334279239E-06 -1.524884277327405E-03
 3.363282764379285E-06 -1.546435331563069E-03
 3.398330652677409E-06 -1.568262679057684E-03
 3.433743765834749E-06 -1.590088469442524E-03
 3.469525909763862E-06 -1.611596519198480E-03
 3.505680930037719E-06 -1.632424209408849E-03
 3.542212712302976E-06 -1.652144692423045E-03
 3.579125182697617E-06 -1.670385395171239E-03
 3.616422308272884E-06 -1.687024707169797E-03
 3.654108097419593E-06 -1.702123678720677E-03
 3.692186600298977E-06 -1.715764726934855E-03
 3.730661909277937E-06 -1.728056096475395E-03
 3.769538159368833E-06 -1.739133758441218E-03
 3.808819528673926E-06 -1.749157929024515E-03
 3.848510238834393E-06 -1.758327698767525E-03
 3.888614555483996E-06 -1.766882176327054E-03
 3.929136788707577E-06 -1.775092833255154E-03
 3.970081293504242E-06 -1.783289689821847E-03
 4.011452470255375E-06 -1.791802094736797E-03
 4.053254765197607E-06 -1.800821228366976E-03
 4.095492670900627E-06 -1.810428102182132E-03
 4.138170726750029E-06 -1.820705662331949E-03
 4.181293519435118E-06 -1.831750073989384E-03
 4.224865683441923E-06 -1.843658948432378E-03
 4.268891901551233E-06 -1.856543661906136E-03
 4.313376905341840E-06 -1.870519342596148E-03
 4.358325475699108E-06 -1.885712981537527E-03
 4.403742443328756E-06 -1.902260831858894E-03
 4.449632689275988E-06 -1.920313480674424E-03
 4.496001145450135E-06 -1.940003240233341E-03
 4.542852795154662E-06 -1.961321320302040E-03
 4.590192673622699E-06 -1.984120021969604E-03
 4.638025868558256E-06 -2.008197174638098E-03
 4.686357520682972E-06 -2.033320930625258E-03
 4.735192824288568E-06 -2.059220385618510E-03
 4.784537027795147E-06 -2.085570280903682E-03
 4.834395434315226E-06 -2.111992841608491E-03
 4.884773402223632E-06 -2.138052985658211E-03
 4.935676345733448E-06 -2.163253661134827E-03
 4.987109735477851E-06 -2.187020765983599E-03
 5.039079099098019E-06 -2.208752291255232E-03
 5.091590021837264E-06 -2.228178656775981E-03
 5.144648147141255E-06 -2.245400167654839E-03
 5.198259177264495E-06 -2.260596961394121E-03
 5.252428873883221E-06 -2.273991547794048E-03
 5.307163058714578E-06 -2.285853281254948E-03
 5.362467614142310E-06 -2.296499714583742E-03
 5.418348483848907E-06 -2.306312036825929E-03
 5.474811673454448E-06 -2.315740011252586E-03
 5.531863251162010E-06 -2.325291037421034E-03
 5.589509348409784E-06 -2.335568161508663E-03
 5.647756160530113E-06 -2.347232992041048E-03
 5.706609947415268E-06 -2.360745575465477E-03
 5.766077034190184E-06 -2.376308013343463E-03
 5.826163811892303E-06 -2.394055727751192E-03
 5.886876738158391E-06 -2.414148797997963E-03
 5.948222337918518E-06 -2.436751252186223E-03
 6.010207204097380E-06 -2.462033121763054E-03
 6.072837998322812E-06 -2.490170073018737E-03
 6.136121451641685E-06 -2.521337186249101E-03
 6.200064365243389E-06 -2.555722292791406E-03
 6.264673611190724E-06 -2.593517627949971E-03
 6.329956133158421E-06 -2.634912740719378E-03
 6.395918947179456E-06 -2.679900803176590E-03
 6.462569142399054E-06 -2.728186756063652E-03
 6.529913881836522E-06 -2.779342632377859E-03
 6.597960403155152E-06 -2.832863501294495E-03
 6.666716019440020E-06 -2.888147416205039E-03
 6.736188119983954E-06 -2.944492811875771E-03
 6.806384171081625E-06 -3.001084024314056E-03
 6.877311716832051E-06 -3.056990501774280E-03
 6.948978379949324E-06 -3.111137368201302E-03
 7.021391862581797E-06 -3.162288478546303E-03
 7.094559947139943E-06 -3.209065262679708E-03
 7.168490497132694E-06 -3.250554433071898E-03
 7.243191458012495E-06 -3.286748339627553E-03
 7.318670858029322E-06 -3.318025276609327E-03
 7.394936809093438E-06 -3.344829760985016E-03
 7.471997507647150E-06 -3.367708317236369E-03
 7.549861235545790E-06 -3.387312905764100E-03
 7.628536360947732E-06 -3.404435949253134E-03
 7.708031339213691E-06 -3.420012038573399E-03
 7.788354713815526E-06 -3.435127065020431E-03
 7.869515117254379E-06 -3.451045909394605E-03
 7.951521271988372E-06 -3.469246509866982E-03
 8.034381991370130E-06 -3.490871984149609E-03
 8.118106180593915E-06 -3.516235187532275E-03
 8.202702837652634E-06 -3.545291937502873E-03
 8.288181054304971E-06 -3.577986173169522E-03
 8.374550017052446E-06 -3.614213989618410E-03
 8.461819008126647E-06 -3.653842232948820E-03
 8.549997406486923E-06 -3.696682352523531E-03
 8.639094688828281E-06 -3.742496718174822E-03
 8.729120430599904E-06 -3.790985887151932E-03
 8.820084307034160E-06 -3.841788763061287E-03
 8.911996094186538E-06 -3.894467037844707E-03
 9.004865669986241E-06 -3.948550783806855E-03
 9.098703015297721E-06 -4.003585344496610E-03
 9.193518214993464E-06 -4.059109602715430E-03
 9.289321459037774E-06 -4.114588663804311E-03
 9.386123043581833E-06 -4.169385701960853E-03
 9.483933372070385E-06 -4.222796290217280E-03
 9.582762956359741E-06 -4.274006897197874E-03
 9.682622417847451E-06 -4.322118651111382E-03
 9.783522488613928E-06 -4.366094631022301E-03
 9.885474012575784E-06 -4.404774797445527E-03
 9.988487946651178E-06 -4.436843667312961E-03
 1.009257536193751E-05 -4.461249408137353E-03
 1.019774744490117E-05 -4.478001048576567E-03
 1.030401549857975E-05 -4.487838184044208E-03
 1.041139094379686E-05 -4.491675040984138E-03
 1.051988532038956E-05 -4.490590697543984E-03
 1.062951028844842E-05 -4.485847967178385E-03
 1.074027762957085E-05 -4.478961724190746E-03
 1.085219924812721E-05 -4.471670817091453E-03
 1.096528717254008E-05 -4.465995335224706E-03
 1.107955355657719E-05 -4.464250740336004E-03
 1.119501068065743E-05 -4.469128915459402E-03
 1.131167095317079E-05 -4.483143617109961E-03
 1.142954691181174E-05 -4.507280128092166E-03
 1.154865122492683E-05 -4.541363469865362E-03
 1.166899669287618E-05 -4.585101465664166E-03
 1.179059624940900E-05 -4.638067221854246E-03
 1.191346296305380E-05 -4.699690672455476E-03
 1.203761003852278E-05 -4.769287021497584E-03
 1.216305081813094E-05 -4.845976651285737E-03
 1.228979878323010E-05 -4.928677621340336E-03
 1.241786755565773E-05 -5.016116501454885E-03
 1.254727089920080E-05 -5.106764490796719E-03
 1.267802272107521E-05 -5.199021386630938E-03
 1.281013707342028E-05 -5.291851646818052E-03
 1.294362815480892E-05 -5.384721293937089E-03
 1.307851031177374E-05 -5.477058080241961E-03
 1.321479804034880E-05 -5.568212614447029E-03
 1.335250598762744E-05 -5.657434085472098E-03
 1.349164895333661E-05 -5.743883510451460E-03
 1.363224189142735E-05 -5.826639482862879E-03
 1.377429991168180E-05 -5.904642139244089E-03
 1.391783828133727E-05 -5.976737835792867E-03
 1.406287242672697E-05 -6.041597439473655E-03
 1.420941793493776E-05 -6.097934133078483E-03
 1.435749055548557E-05 -6.145461937659115E-03
 1.450710620200787E-05 -6.184901308561820E-03
 1.465828095397399E-05 -6.217296658354819E-03
 1.481103105841313E-05 -6.243853455658239E-03
 1.496537293166058E-05 -6.266033248450613E-03
 1.512132316112200E-05 -6.285556853147703E-03
 1.527889850705593E-05 -6.304393812533807E-03
 1.543811590437529E-05 -6.324866512956533E-03
 1.559899246446729E-05 -6.349633142248058E-03
 1.576154547703228E-05 -6.381771792838957E-03
 1.592579241194221E-05 -6.424511054629150E-03
 1.609175092111795E-05 -6.479433008058479E-03
 1.625943884042631E-05 -6.546047731334693E-03
 1.642887419159710E-05 -6.623267396916436E-03
 1.660007518415988E-05 -6.709853094270137E-03
 1.677306021740080E-05 -6.804322594399948E-03
 1.694784788234026E-05 -6.904872762493868E-03
 1.712445696373086E-05 -7.009394915427992E-03
 1.730290644207601E-05 -7.115416606719945E-03
 1.748321549567012E-05 -7.220089748490029E-03
 1.766540350265958E-05 -7.320063653512284E-03
 1.784949004312523E-05 -7.411664093754869E-03
 1.803549490118694E-05 -7.492804514614214E-03
 1.822343806712970E-05 -7.563623237430855E-03
 1.841333973955190E-05 -7.624975098704830E-03
 1.860522032753635E-05 -7.677814211124913E-03
 1.879910045284352E-05 -7.723308166807326E-03
 1.899500095212790E-05 -7.762920769405912E-03
 1.919294287917715E-05 -7.798322281226090E-03
 1.939294750717508E-05 -7.831493653996661E-03
 1.959503633098774E-05 -7.864759177141415E-03
 1.979923106947347E-05 -7.900793653818046E-03
 2.000555366781721E-05 -7.942654544338960E-03
 2.021402629988898E-05 -7.992454965209013E-03
 2.042467137062671E-05 -8.050583554476649E-03
 2.063751151844448E-05 -8.116860003617056E-03
 2.085256961766533E-05 -8.191114713420281E-03
 2.106986878097950E-05 -8.273025991064451E-03
 2.128943236192866E-05 -8.362181601712666E-03
 2.151128395741562E-05 -8.458097875315764E-03
 2.173544741024016E-05 -8.560117066974470E-03
 2.196194681166181E-05 -8.667414253656820E-03
 2.219080650398878E-05 -8.779061507188556E-03
 2.242205108319394E-05 -8.893893864520571E-03
 2.265570540155853E-05 -9.010904926199258E-03
 2.289179457034287E-05 -9.129493010475805E-03
 2.313034396248500E-05 -9.249156327481130E-03
 2.337137921532785E-05 -9.369302631125512E-03
 2.361492623337433E-05 -9.489228396727162E-03
 2.386101119107144E-05 -9.608157049896371E-03
 2.410966053562308E-05 -9.725180409804402E-03
 2.436090098983269E-05 -9.839314776790242E-03
 2.461475955497503E-05 -9.949418518518473E-03
 2.487126351369791E-05 -1.005417872257294E-02
 2.513044043295463E-05 -1.015215307321491E-02
 2.539231816696650E-05 -1.024234247435953E-02
 2.565692486021619E-05 -1.032486455003022E-02
 2.592428895047279E-05 -1.040053821589660E-02
 2.619443917184798E-05 -1.047029119818918E-02
 2.646740455788388E-05 -1.053523464754787E-02
 2.674321444467374E-05 -1.059673216538714E-02
 2.702189847401454E-05 -1.065631025481996E-02
 2.730348659659246E-05 -1.071581928538213E-02
 2.758800907520216E-05 -1.077735625167016E-02
 2.787549648799891E-05 -1.084331584856693E-02
 2.816597973178474E-05 -1.091654293312285E-02
 2.845949002532937E-05 -1.099942984843182E-02
 2.875605891272512E-05 -1.109276982372130E-02
 2.905571826677685E-05 -1.119638505364961E-02
 2.935850029242774E-05 -1.131001518138556E-02
 2.966443753022028E-05 -1.143328293515287E-02
 2.997356285979316E-05 -1.156571158606835E-02
 3.028590950341545E-05 -1.170665532453115E-02
 3.060151102955666E-05 -1.185532033944055E-02
 3.092040135649460E-05 -1.201070451606491E-02
 3.124261475596039E-05 -1.217162710403284E-02
 3.156818585682203E-05 -1.233666104731598E-02
 3.189714964880591E-05 -1.250444381709001E-02
 3.222954148625700E-05 -1.267441553518134E-02
 3.256539709193882E-05 -1.284647584046517E-02
 3.290475256087243E-05 -1.302053630162128E-02
 3.324764436421547E-05 -1.319652961944010E-02
 3.359410935318214E-05 -1.337434032670242E-02
 3.394418476300352E-05 -1.355378428535254E-02
 3.429790821692902E-05 -1.373469595768309E-02
 3.465531773027030E-05 -1.391690708508241E-02
 3.501645171448665E-05 -1.410017664978849E-02
 3.538134898131285E-05 -1.428424194417017E-02
 3.575004874693084E-05 -1.446884750712618E-02
 3.612259063618413E-05 -1.465374669710437E-02
 3.649901468683607E-05 -1.483863568199579E-02
 3.687936135387332E-05 -1.502328856349485E-02
 3.726367151385334E-05 -1.520736850897970E-02
 3.765198646929725E-05 -1.539051887418656E-02
 3.804434795312913E-05 -1.557242098325588E-02
 3.844079813316099E-05 -1.575260715402441E-02
 3.884137961662423E-05 -1.593062719119674E-02
 3.924613545474935E-05 -1.610602585882407E-02
 3.965510914739234E-05 -1.627820550415636E-02
 4.006834464770990E-05 -1.644660792993156E-02
 4.048588636688275E-05 -1.661075557617822E-02
 4.090777917888915E-05 -1.677019148727918E-02
 4.133406842532740E-05 -1.692452009641886E-02
 4.176479992028836E-05 -1.707328469181164E-02
 4.220001995527984E-05 -1.721600068026267E-02
 4.263977530420132E-05 -1.735214868229153E-02
 4.308411322837053E-05 -1.748118985135427E-02
 4.353308148160330E-05 -1.760261858806041E-02
 4.398672831534548E-05 -1.771584438630226E-02
 4.444510248385828E-05 -1.782021783989669E-02
 4.490825324945857E-05 -1.791518460007478E-02
 4.537623038781295E-05 -1.800088587433330E-02
 4.584908419328687E-05 -1.807821156266594E-02
 4.632686548435050E-05 -1.814835582656765E-02
 4.680962560903997E-05 -1.821279126489223E-02
 4.729741645047551E-05 -1.827317287349309E-02
 4.779029043243808E-05 -1.833141942111871E-02
 4.828830052500312E-05 -1.838981686706004E-02
 4.879150025023301E-05 -1.845098056200667E-02
 4.929994368792989E-05 -1.851780393686459E-02
 4.981368548144726E-05 -1.859374007478512E-02
 5.033278084356244E-05 -1.868250736553029E-02
 5.085728556241091E-05 -1.878634810426358E-02
 5.138725600748163E-05 -1.890571719029852E-02
 5.192274913567528E-05 -1.904059934350604E-02
 5.246382249742517E-05 -1.919085660836112E-02
 5.301053424288295E-05 -1.935619640073918E-02
 5.356294312816777E-05 -1.953626213283996E-02
 5.412110852168049E-05 -1.973038783972974E-02
 5.468509041048491E-05 -1.993775154481931E-02
 5.525494940675433E-05 -2.015735810665875E-02
 5.583074675428521E-05 -2.038788201745515E-02
 5.641254433507997E-05 -2.062774073866932E-02
 5.700040467599713E-05 -2.087573832438829E-02
 5.759439095547083E-05 -2.113134158539417E-02
 5.819456701030154E-05 -2.139413539577109E-02
 5.880099734251629E-05 -2.166352186422063E-02
 5.941374712630042E-05 -2.193879501801808E-02
 6.003288221500275E-05 -2.221913835169089E-02
 6.065846914821266E-05 -2.250348905790538E-02
 6.129057515891068E-05 -2.279069943822522E-02
 6.192926818069507E-05 -2.307942755279575E-02
 6.257461685508226E-05 -2.336808255481786E-02
 6.322669053888358E-05 -2.365484854260839E-02
 6.388555931165988E-05 -2.393901308241169E-02
 6.455129398325279E-05 -2.422196234657334E-02
 6.522396610139430E-05 -2.450601240727404E-02
 6.590364795939699E-05 -2.479388327756113E-02
 6.659041260392295E-05 -2.508852081649273E-02
 6.728433384283458E-05 -2.539328022137031E-02
 6.798548625312619E-05 -2.571227472078966E-02
 6.869394518893985E-05 -2.604981855694612E-02
 6.940978678966344E-05 -2.641092078459702E-02
 7.013308798811294E-05 -2.680127924451629E-02
 7.086392651880154E-05 -2.722733976084648E-02
 7.160238092629342E-05 -2.769262285327625E-02
 7.234853057364457E-05 -2.819394216727594E-02
 7.310245565093311E-05 -2.872467009830588E-02
 7.386423718387692E-05 -2.927714601926499E-02
 7.463395704254119E-05 -2.984245319447736E-02
 7.541169795013807E-05 -3.041019761875042E-02
 7.619754349191666E-05 -3.096839858058694E-02
 7.699157812414549E-05 -3.150336090196446E-02
 7.779388718319027E-05 -3.199953195418942E-02
 7.860455689468460E-05 -3.243903769924745E-02
 7.942367438279629E-05 -3.280147178079364E-02
 8.025132767959184E-05 -3.307117208093091E-02
 8.108760573449675E-05 -3.324664569057906E-02
 8.193259842385474E-05 -3.333494511007173E-02
 8.278639656058784E-05 -3.334444438465168E-02
 8.364909190395557E-05 -3.328546090207126E-02
 8.452077716941682E-05 -3.317040924749816E-02
 8.540154603859345E-05 -3.301388449168333E-02
 8.629149316933950E-05 -3.283313362691188E-02
 8.719071420591369E-05 -3.264821475503159E-02
 8.809930578925791E-05 -3.248240425684359E-02
 8.901736556738461E-05 -3.236296638150014E-02
 8.994499220587056E-05 -3.231375764677783E-02
 9.088228539846002E-05 -3.234328809232102E-02
 9.182934587778027E-05 -3.244953567696744E-02
 9.278627542616696E-05 -3.262967988097010E-02
 9.375317688660201E-05 -3.288000605175813E-02
 9.473015417376791E-05 -3.319561680162424E-02
 9.571731228521469E-05 -3.357035417873844E-02
 9.671475731264376E-05 -3.399661792418385E-02
 9.772259645331096E-05 -3.446523631951887E-02
 9.874093802154667E-05 -3.496526660432257E-02
 9.976989146039586E-05 -3.548340313304341E-02
 1.008095673533814E-04 -3.600693150228750E-02
 1.018600774363882E-04 -3.652946155187767E-02
 1.029215346096708E-04 -3.704934432927590E-02
 1.039940529499882E-04 -3.756515151545529E-02
 1.050777477228637E-04 -3.807498296872701E-02
 1.061727353949717E-04 -3.857676970138958E-02
 1.072791336466557E-04 -3.906825332948204E-02
 1.083970613845753E-04 -3.954685116716732E-02
 1.095266387544854E-04 -4.000990956081996E-02
 1.106679871541474E-04 -4.045431596259530E-02
 1.118212292463780E-04 -4.087654022526610E-02
 1.129864889722307E-04 -4.127381610215844E-02
 1.141638915643157E-04 -4.164749674392927E-02
 1.153535635602600E-04 -4.200301472874060E-02
 1.165556328163062E-04 -4.234696593548491E-02
 1.177702285210524E-04 -4.268689255256811E-02
 1.189974812093381E-04 -4.303178871340602E-02
 1.202375227762721E-04 -4.339184382686091E-02
 1.214904864914066E-04 -4.377878461600876E-02
 1.227565070130622E-04 -4.420586548217989E-02
 1.240357204027979E-04 -4.468812390732325E-02
 1.253282641400343E-04 -4.524322603645847E-02
 1.266342771368295E-04 -4.588805806932537E-02
 1.279538997528079E-04 -4.662748313294675E-02
 1.292872738102437E-04 -4.745298768749076E-02
 1.306345426093051E-04 -4.835241425451903E-02
 1.319958509434536E-04 -4.931166286308477E-02
 1.333713451150043E-04 -5.031395565456043E-02
 1.347611729508517E-04 -5.133986646594434E-02
 1.361654838183553E-04 -5.236667185611175E-02
 1.375844286413920E-04 -5.336822802021167E-02
 1.390181599165777E-04 -5.431465096462137E-02
 1.404668317296552E-04 -5.517113050754605E-02
 1.419305997720549E-04 -5.590115403699415E-02
 1.434096213576258E-04 -5.648681090112329E-02
 1.449040554395442E-04 -5.693306290423245E-02
 1.464140626273958E-04 -5.725117668059638E-02
 1.479398052044357E-04 -5.745450197346224E-02
 1.494814471450315E-04 -5.755920220090382E-02
 1.510391541322844E-04 -5.758492759757447E-02
 1.526130935758349E-04 -5.755489089331684E-02
 1.542034346298565E-04 -5.749600436857974E-02
 1.558103482112340E-04 -5.743999174251895E-02
 1.574340070179313E-04 -5.742373859345228E-02
 1.590745855475535E-04 -5.748782529024613E-02
 1.607322601160996E-04 -5.765642290484789E-02
 1.624072088769102E-04 -5.792908367356862E-02
 1.640996118398163E-04 -5.829748287310601E-02
 1.658096508904843E-04 -5.875259280685831E-02
 1.675375098099622E-04 -5.928340464155785E-02
 1.692833742944334E-04 -5.987607432796366E-02
 1.710474319751725E-04 -6.051439447372436E-02
 1.728298724387092E-04 -6.117946771523326E-02
 1.746308872472061E-04 -6.184889239074930E-02
 1.764506699590447E-04 -6.249658626613724E-02
 1.782894161496266E-04 -6.309306941719538E-02
 1.801473234323945E-04 -6.361905213216967E-02
 1.820245914800688E-04 -6.407340506123491E-02
 1.839214220461073E-04 -6.446184667331237E-02
 1.858380189863863E-04 -6.479050130250578E-02
 1.877745882811122E-04 -6.506697090438195E-02
 1.897313380569572E-04 -6.530057472173506E-02
 1.917084786094255E-04 -6.550209739257307E-02
 1.937062224254572E-04 -6.568443915614641E-02
 1.957247842062630E-04 -6.586252089967534E-02
 1.977643808903972E-04 -6.605393504482937E-02
 1.998252316770755E-04 -6.627840702771604E-02
 2.019075580497310E-04 -6.655256494121631E-02
 2.040115837998163E-04 -6.688511437408937E-02
 2.061375350508575E-04 -6.728161569071016E-02
 2.082856402827547E-04 -6.774841539719031E-02
 2.104561303563357E-04 -6.829192867596715E-02
 2.126492385381700E-04 -6.891917600902875E-02
 2.148652005256367E-04 -6.963778592139740E-02
 2.171042544722544E-04 -7.045554545830834E-02
 2.193666410132783E-04 -7.138095988794477E-02
 2.216526032915605E-04 -7.242265015450813E-02
 2.239623869836797E-04 -7.359029644641776E-02
 2.262962403263474E-04 -7.488957508707525E-02
 2.286544141430847E-04 -7.631580326099566E-02
 2.310371618711773E-04 -7.785905655112554E-02
 2.334447395889160E-04 -7.950702966819208E-02
 2.358774060431162E-04 -8.124467821752068E-02
 2.383354226769259E-04 -8.305434244444379E-02
 2.408190536579227E-04 -8.491499501125666E-02
 2.433285659065066E-04 -8.680248540666832E-02
 2.458642291245850E-04 -8.868869865536154E-02
 2.484263158245568E-04 -9.054080304714629E-02
 2.510151013586028E-04 -9.232107955860538E-02
 2.536308639482767E-04 -9.399669281362658E-02
 2.562738847144043E-04 -9.555348193522964E-02
 2.589444477072998E-04 -9.698906634603340E-02
 2.616428399372910E-04 -9.830170380781925E-02
 2.643693514055636E-04 -9.948994541288816E-02
 2.671242751353313E-04 -1.005533881522181E-01
 2.699079072033261E-04 -1.014930032361236E-01
 2.727205467716158E-04 -1.023104340473922E-01
 2.755624961197600E-04 -1.030086026938641E-01
 2.784340606772943E-04 -1.035923028944689E-01
 2.813355490565532E-04 -1.040676247131394E-01
 2.842672730858419E-04 -1.044425483738017E-01
 2.872295478429461E-04 -1.047266979621077E-01
 2.902226916889931E-04 -1.049311500162378E-01
 2.932470263026696E-04 -1.050700096003933E-01
 2.963028767147913E-04 -1.051599883123263E-01
 2.993905713432354E-04 -1.052198087108404E-01
 3.025104420282336E-04 -1.052720784142712E-01
 3.056628240680398E-04 -1.053426105196684E-01
 3.088480562549631E-04 -1.054607667664673E-01
 3.120664809117765E-04 -1.056602001421228E-01
 3.153184439285110E-04 -1.059799527778411E-01
 3.186042947996267E-04 -1.064573275567902E-01
 3.219243866615722E-04 -1.071078963403660E-01
 3.252790763307402E-04 -1.079292785798315E-01
 3.286687243418137E-04 -1.089167619885900E-01
 3.320936949865112E-04 -1.100633465351580E-01
 3.355543563527414E-04 -1.113598441757453E-01
 3.390510803641612E-04 -1.127950292629547E-01
 3.425842428201438E-04 -1.143538991068414E-01
 3.461542234361717E-04 -1.160187602464528E-01
 3.497614058846429E-04 -1.177687502422932E-01
 3.534061778361023E-04 -1.195778578319025E-01
 3.570889310009108E-04 -1.214189994881054E-01
 3.608100611713398E-04 -1.232739358183260E-01
 3.645699682641064E-04 -1.251320829602960E-01
 3.683690563633570E-04 -1.269834985725853E-01
 3.722077337640930E-04 -1.288163290910238E-01
 3.760864130160488E-04 -1.306165319204336E-01
 3.800055109680338E-04 -1.323690700709261E-01
 3.839654488127287E-04 -1.340565836165763E-01
 3.879666521319538E-04 -1.356595358243306E-01
 3.920095509424034E-04 -1.371570752923549E-01
 3.960945797418653E-04 -1.385242402206253E-01
 4.002221775559155E-04 -1.397367111403944E-01
 4.043927879850975E-04 -1.407878647927139E-01
 4.086068592526023E-04 -1.416909629203918E-01
 4.128648442524378E-04 -1.424656930301737E-01
 4.171672005980983E-04 -1.431347801600065E-01
 4.215143906717518E-04 -1.437261343269708E-01
 4.259068816739294E-04 -1.442717931530056E-01
 4.303451456737335E-04 -1.448089408798627E-01
 4.348296596595781E-04 -1.453814352522582E-01
 4.393609055904484E-04 -1.460387239369202E-01
 4.439393704476947E-04 -1.468383710187600E-01
 4.485655462873755E-04 -1.478428601667221E-01
 4.532399302931366E-04 -1.490849870924212E-01
 4.579630248296410E-04 -1.505582733878361E-01
 4.627353374965656E-04 -1.522453600185813E-01
 4.675573811831500E-04 -1.541246689797533E-01
 4.724296741233157E-04 -1.561709209768880E-01
 4.773527399513669E-04 -1.583532277705567E-01
 4.823271077582634E-04 -1.606349535964986E-01
 4.873533121484805E-04 -1.629732043112468E-01
 4.924318932974694E-04 -1.653176621177183E-01
 4.975633970097077E-04 -1.676104996802689E-01
 5.027483747773588E-04 -1.697855336112195E-01
 5.079873838395384E-04 -1.717998935254934E-01
 5.132809872422084E-04 -1.736450257813691E-01
 5.186297538986853E-04 -1.753245140319304E-01
 5.240342586507782E-04 -1.768425676144089E-01
 5.294950823305759E-04 -1.782042046137262E-01
 5.350128118228663E-04 -1.794183101607960E-01
 5.405880401282059E-04 -1.804949715162723E-01
 5.462213664266585E-04 -1.814471645192167E-01
 5.519133961421863E-04 -1.822909434342873E-01
 5.576647410077123E-04 -1.830455682791181E-01
 5.634760191308713E-04 -1.837345594616829E-01
 5.693478550604366E-04 -1.843806607137611E-01
 5.752808798534359E-04 -1.850050705025751E-01
 5.812757311429812E-04 -1.856296615283636E-01
 5.873330532067918E-04 -1.862789867223031E-01
 5.934534970364327E-04 -1.869829111395608E-01
 5.996377204072848E-04 -1.877743828794408E-01
 6.058863879492345E-04 -1.886903580099348E-01
 6.122001712180975E-04 -1.897727031697561E-01
 6.185797487678010E-04 -1.910687356555180E-01
 6.250258062233049E-04 -1.926309832916108E-01
 6.315390363542826E-04 -1.945192660989739E-01
 6.381201391495837E-04 -1.967758004388178E-01
 6.447698218924558E-04 -1.994003777487132E-01
 6.514887992365621E-04 -2.023705164167885E-01
 6.582777932827793E-04 -2.056602912009414E-01
 6.651375336568130E-04 -2.092378907094789E-01
 6.720687575876071E-04 -2.130624269329139E-01
 6.790722099865702E-04 -2.170867259850239E-01
 6.861486435276423E-04 -2.212547795437367E-01
 6.932988187281815E-04 -2.255006777264580E-01
 7.005235040306926E-04 -2.297476125685020E-01
 7.078234758854240E-04 -2.339055762781028E-01
 7.151995188338080E-04 -2.378981937171143E-01
 7.226524255927731E-04 -2.416954881548347E-01
 7.301829971399477E-04 -2.452936276960092E-01
 7.377920427997385E-04 -2.486877489049977E-01
 7.454803803303045E-04 -2.518743381976967E-01
 7.532488360114535E-04 -2.548524517777944E-01
 7.610982447334385E-04 -2.576213867898223E-01
 7.690294500866797E-04 -2.601817992430925E-01
 7.770433044524374E-04 -2.625387772404507E-01
 7.851406690944139E-04 -2.646975075326918E-01
 7.933224142513088E-04 -2.666656591957755E-01
 8.015894192303570E-04 -2.684574878631296E-01
 8.099425725018239E-04 -2.700961374591985E-01
 8.183827717944845E-04 -2.716138055140360E-01
 8.269109241921161E-04 -2.730476589681964E-01
 8.355279462309768E-04 -2.744422954691849E-01
 8.442347639983101E-04 -2.758496017640883E-01
 8.530323132318665E-04 -2.773274129019099E-01
 8.619215394204799E-04 -2.789439481707032E-01
 8.709033979056763E-04 -2.807764570370814E-01
 8.799788539843391E-04 -2.829113288775091E-01
 8.891488830124627E-04 -2.854501071515644E-01
 8.984144705099722E-04 -2.884827195136612E-01
 9.077766122666301E-04 -2.920303385050508E-01
 9.172363144490705E-04 -2.960582976388595E-01
 9.267945937089249E-04 -3.005209586120879E-01
 9.364524772920798E-04 -3.053647900730288E-01
 9.462110031490885E-04 -3.105238977167275E-01
 9.560712200467135E-04 -3.159205731659099E-01
 9.660341876806358E-04 -3.214632272884502E-01
 9.761009767893535E-04 -3.270451495669546E-01
 9.862726692692499E-04 -3.325439609973895E-01
 9.965503582908602E-04 -3.378155576102010E-01
 1.006935148416371E-03 -3.427159809521741E-01
 1.017428155718319E-03 -3.471719562229125E-01
 1.028030507899538E-03 -3.511737498812384E-01
 1.038743344414361E-03 -3.547186280369788E-01
 1.049567816591075E-03 -3.578074719131901E-01
 1.060505087755660E-03 -3.604443970823740E-01
 1.071556333356801E-03 -3.626370021912475E-01
 1.082722741092238E-03 -3.643973787723365E-01
 1.094005511036395E-03 -3.657445924509367E-01
 1.105405855769349E-03 -3.667022821270043E-01
 1.116925000507165E-03 -3.673015033128997E-01
 1.128564183233563E-03 -3.675802584484581E-01
 1.140324654832959E-03 -3.675826200547196E-01
 1.152207679224918E-03 -3.673614580081819E-01
 1.164214533499975E-03 -3.669770943576153E-01
 1.176346508056887E-03 -3.665005351072193E-01
 1.188604906741324E-03 -3.660147176457144E-01
 1.200991046985990E-03 -3.656148714035583E-01
 1.213506259952203E-03 -3.654096349443626E-01
 1.226151890672972E-03 -3.655211315886597E-01
 1.238929298197543E-03 -3.660893188034794E-01
 1.251839855737448E-03 -3.672751850100353E-01
 1.264884950814106E-03 -3.692442468920083E-01
 1.278065985407934E-03 -3.720882839351018E-01
 1.291384376109010E-03 -3.758013197740531E-01
 1.304841554269334E-03 -3.803483914098531E-01
 1.318438966156652E-03 -3.856879702411214E-01
 1.332178073109875E-03 -3.917666809264920E-01
 1.346060351696157E-03 -3.985164739591252E-01
 1.360087293869565E-03 -4.058512760398943E-01
 1.374260407131433E-03 -4.136701476743750E-01
 1.388581214692362E-03 -4.218537590103363E-01
 1.403051255635940E-03 -4.302595938749245E-01
 1.417672085084143E-03 -4.387241320689943E-01
 1.432445274364454E-03 -4.471349138697277E-01
 1.447372411178761E-03 -4.554531985854305E-01
 1.462455099773973E-03 -4.636549560163036E-01
 1.477694961114430E-03 -4.717143852420591E-01
 1.493093633056122E-03 -4.796009662563002E-01
 1.508652770522712E-03 -4.872822361917709E-01
 1.524374045683375E-03 -4.947233542900014E-01
 1.540259148132534E-03 -5.018872997762003E-01
 1.556309785071434E-03 -5.087331473305576E-01
 1.572527681491604E-03 -5.152152368534082E-01
 1.588914580360270E-03 -5.212874228422969E-01
 1.605472242807663E-03 -5.269261071299514E-01
 1.622202448316278E-03 -5.321492301727513E-01
 1.639106994912142E-03 -5.369941426575140E-01
 1.656187699358042E-03 -5.415035767371044E-01
 1.673446397348761E-03 -5.457314598865801E-01
 1.690884943708388E-03 -5.497420440585135E-01
 1.708505212589648E-03 -5.536113041108763E-01
 1.726309097675308E-03 -5.574279092796812E-01
 1.744298512381719E-03 -5.612955140227575E-01
 1.762475390064439E-03 -5.653343232160783E-01
 1.780841684226021E-03 -5.696817916453403E-01
 1.799399368725944E-03 -5.744259171129342E-01
 1.818150437992772E-03 -5.795470681859594E-01
 1.837096907238487E-03 -5.849756478494886E-01
 1.856240812675052E-03 -5.906316733122756E-01
 1.875584211733276E-03 -5.964218991097837E-01
 1.895129183283917E-03 -6.022379741929389E-01
 1.914877827861082E-03 -6.079540807534640E-01
 1.934832267888012E-03 -6.134266812597755E-01
 1.954994647905160E-03 -6.184909925985645E-01
 1.975367134800665E-03 -6.229581819876081E-01
 1.995951918043247E-03 -6.266104649393027E-01
 2.016751209917511E-03 -6.292956958170599E-01
 2.037767245761682E-03 -6.310292284434267E-01
 2.059002284207875E-03 -6.319223118496682E-01
 2.080458607424818E-03 -6.321022208252116E-01
 2.102138521363108E-03 -6.317217146065859E-01
 2.124044356003062E-03 -6.309627916499194E-01
 2.146178465605111E-03 -6.300338871897324E-01
 2.168543228962803E-03 -6.291786951570695E-01
 2.191141049658486E-03 -6.286777493411664E-01
 2.213974356321607E-03 -6.288519222377905E-01
 2.237045602889711E-03 -6.300727592588033E-01
 2.260357268872199E-03 -6.326621018358425E-01
 2.283911859616782E-03 -6.367462287757641E-01
 2.307711906578751E-03 -6.423253801714333E-01
 2.331759967593011E-03 -6.493918951389532E-01
 2.356058627149011E-03 -6.579247577023657E-01
 2.380610496668488E-03 -6.678917068887325E-01
 2.405418214786105E-03 -6.792452900458132E-01
 2.430484447633058E-03 -6.919135580747273E-01
 2.455811889123600E-03 -7.058086109619739E-01
 2.481403261244544E-03 -7.208217836485744E-01
 2.507261314347827E-03 -7.368162965263862E-01
 2.533388827446086E-03 -7.536379040711254E-01
 2.559788608511301E-03 -7.711435196378429E-01
 2.586463494776610E-03 -7.891929584076420E-01
 2.613416353041214E-03 -8.076194525334756E-01
 2.640650079978462E-03 -8.262239415156408E-01
 2.668167602447190E-03 -8.447814316964666E-01
 2.695971877806267E-03 -8.630374467614083E-01
 2.724065894232404E-03 -8.806974219475441E-01
 2.752452671041336E-03 -8.974293850226903E-01
 2.781135259012297E-03 -9.128571368333684E-01
 2.810116740715873E-03 -9.265487243921233E-01
 2.839400230845330E-03 -9.380997362883323E-01
 2.868988876551328E-03 -9.473563501342247E-01
 2.898885857780168E-03 -9.543795583939942E-01
 2.929094387615517E-03 -9.592752438642052E-01
 2.959617712623763E-03 -9.621790220476748E-01
 2.990459113202917E-03 -9.632535336887290E-01
 3.021621903935132E-03 -9.627103121023759E-01
 3.053109433942974E-03 -9.608054075802210E-01
 3.084925087249344E-03 -9.578377003268332E-01
 3.117072283141130E-03 -9.541631975286566E-01
 3.149554476536736E-03 -9.502079584223260E-01
 3.182375158357370E-03 -9.464155677256123E-01
 3.215537855902186E-03 -9.430458435343652E-01
 3.249046133227426E-03 -9.401792447325212E-01
 3.282903591529425E-03 -9.378821247062102E-01
 3.317113869531619E-03 -9.362321263822515E-01
 3.351680643875652E-03 -9.353083338596461E-01
 3.386607629516484E-03 -9.351993757079472E-01
 3.421898580121627E-03 -9.359978255574106E-01
 3.457557288474600E-03 -9.377962078542745E-01
 3.493587586882525E-03 -9.407050533447681E-01
 3.529993347587970E-03 -9.448308578340650E-01
 3.566778483185151E-03 -9.502817853662939E-01
 3.603946947040402E-03 -9.571464915336969E-01
 3.641502733717029E-03 -9.654711736041067E-01
 3.679449879404659E-03 -9.752904251391289E-01
 3.717792462352985E-03 -9.866377482144787E-01
 3.756534603310080E-03 -9.995375402938215E-01
 3.795680465965227E-03 -1.014010492095450E+00
 3.835234257396450E-03 -1.030062294081331E+00
 3.875200228522632E-03 -1.047690444922334E+00
 3.915582674560336E-03 -1.066883539410925E+00
 3.956385935485486E-03 -1.087612062313475E+00
 3.997614396499751E-03 -1.109832696736809E+00
 4.039272488501812E-03 -1.133437710330623E+00
 4.081364688563613E-03 -1.158243407849200E+00
 4.123895520411491E-03 -1.184010470900535E+00
 4.166869554912319E-03 -1.210466173987793E+00
 4.210291410564809E-03 -1.237288263307952E+00
 4.254165753995834E-03 -1.264107578242350E+00
 4.298497300461932E-03 -1.290501734380951E+00
 4.343290814356131E-03 -1.315982817460916E+00
 4.388551109719941E-03 -1.340002808870477E+00
 4.434283050760710E-03 -1.361930557829070E+00
 4.480491552374451E-03 -1.381077066619112E+00
 4.527181580674014E-03 -1.397022337457383E+00
 4.574358153522783E-03 -1.409801907237130E+00
 4.622026341074009E-03 -1.419614786170182E+00
 4.670191266315685E-03 -1.426697495012656E+00
 4.718858105621083E-03 -1.431347841205842E+00
 4.768032089305142E-03 -1.433915726827956E+00
 4.817718502186526E-03 -1.434832315931836E+00
 4.867922684155626E-03 -1.434614271744245E+00
 4.918650030748393E-03 -1.433853294166152E+00
 4.969905993726279E-03 -1.433242740480277E+00
 5.021696081662117E-03 -1.433590277647305E+00
 5.074025860532095E-03 -1.435491231156458E+00
 5.126900954314016E-03 -1.439124584020700E+00
 5.180327045591685E-03 -1.444513386293266E+00
 5.234309876165584E-03 -1.451680644781482E+00
 5.288855247670031E-03 -1.460636005216306E+00
 5.343969022196654E-03 -1.471382372174702E+00
 5.399657122924367E-03 -1.483910094955457E+00
 5.455925534756014E-03 -1.498185734473748E+00
 5.512780304961544E-03 -1.514160767350629E+00
 5.570227543827885E-03 -1.531764043764452E+00
 5.628273425315697E-03 -1.550898187129741E+00
 5.686924187722873E-03 -1.571480950641057E+00
 5.746186134354929E-03 -1.593484546880654E+00
 5.806065634202520E-03 -1.616895591401714E+00
 5.866569122625875E-03 -1.641680713787276E+00
 5.927703102046399E-03 -1.667796011995707E+00
 5.989474142645554E-03 -1.695190917858529E+00
 6.051888883070949E-03 -1.723789167154228E+00
 6.114954031149753E-03 -1.753492063715783E+00
 6.178676364609694E-03 -1.784186492081531E+00
 6.243062731807402E-03 -1.815738025893970E+00
 6.308120052464452E-03 -1.847980726697242E+00
 6.373855318410989E-03 -1.880741663748361E+00
 6.440275594337221E-03 -1.913867440933138E+00
 6.507388018552648E-03 -1.947205650306034E+00
 6.575199803753176E-03 -1.980587300905570E+00
 6.643718237796368E-03 -2.013807327478451E+00
 6.712950684484646E-03 -2.046643918765298E+00
 6.782904584356634E-03 -2.078841605771031E+00
 6.853587455486910E-03 -2.110112091904297E+00
 6.925006894293940E-03 -2.140136416627503E+00
 6.997170576356422E-03 -2.168552082695959E+00
 7.070086257238298E-03 -2.194950512849752E+00
 7.143761773322213E-03 -2.218974352013615E+00
 7.218205042651651E-03 -2.240472889276997E+00
 7.293424065781999E-03 -2.259437171280360E+00
 7.369426926640337E-03 -2.275888222405559E+00
 7.446221793394183E-03 -2.289856526997362E+00
 7.523816919329434E-03 -2.301405803309176E+00
 7.602220643737318E-03 -2.310634602659138E+00
 7.681441392810582E-03 -2.317650417722739E+00
 7.761487680549174E-03 -2.322617780965817E+00
 7.842368109675193E-03 -2.325736101139960E+00
 7.924091372557410E-03 -2.327235663943728E+00
 8.006666252145538E-03 -2.327397240863387E+00
 8.090101622914096E-03 -2.326531106462590E+00
 8.174406451816189E-03 -2.324963277694020E+00
 8.259589799247138E-03 -2.323078450980734E+00
 8.345660820018325E-03 -2.321323885528853E+00
 8.432628764341022E-03 -2.320212631791694E+00
 8.520502978820470E-03 -2.320329844219354E+00
 8.609292907460491E-03 -2.322325462179396E+00
 8.699008092678404E-03 -2.326942408019092E+00
 8.789658176330487E-03 -2.335018409891005E+00
 8.881252900748343E-03 -2.347525301599590E+00
 8.973802109785857E-03 -2.365359587590852E+00
 9.067315749877075E-03 -2.388816810659308E+00
 9.161803871105288E-03 -2.417635046523582E+00
 9.257276628283073E-03 -2.451406751837723E+00
 9.353744282043578E-03 -2.489637122988118E+00
 9.451217199943390E-03 -2.531720481490723E+00
 9.549705857576684E-03 -2.576931335109176E+00
 9.649220839700995E-03 -2.624424614643297E+00
 9.749772841374899E-03 -2.673185611137070E+00
 9.851372669107386E-03 -2.722036359373434E+00
 9.954031242019171E-03 -2.769612879533118E+00
 1.005775959301633E-02 -2.814479076001249E+00
 1.016256886997595E-02 -2.855858505846581E+00
 1.026847033694423E-02 -2.893698323341928E+00
 1.037547537534698E-02 -2.928050369356241E+00
 1.048359548521295E-02 -2.958992870657872E+00
 1.059284228640965E-02 -2.986660664809892E+00
 1.070322751989214E-02 -3.011212303223644E+00
 1.081476304896495E-02 -3.032865923913057E+00
 1.092746086055699E-02 -3.051912285716631E+00
 1.104133306650977E-02 -3.068679738199540E+00
 1.115639190487917E-02 -3.083584006431983E+00
 1.127264974125067E-02 -3.097116035159382E+00
 1.139011907006818E-02 -3.109619521188247E+00
 1.150881251597702E-02 -3.121301932712687E+00
 1.162874283518062E-02 -3.132366495016823E+00
 1.174992291681142E-02 -3.143033721971820E+00
 1.187236578431616E-02 -3.153593493710303E+00
 1.199608459685554E-02 -3.164356942703544E+00
 1.212109265071833E-02 -3.175687158684291E+00
 1.224740338075053E-02 -3.188006378586191E+00
 1.237503036179916E-02 -3.201763704381766E+00
 1.250398731017104E-02 -3.217490148856546E+00
 1.263428808510717E-02 -3.235779577069346E+00
 1.276594669027201E-02 -3.256949050326026E+00
 1.289897727525850E-02 -3.280957893810136E+00
 1.303339413710883E-02 -3.307661628188745E+00
 1.316921172185092E-02 -3.336841381160025E+00
 1.330644462605098E-02 -3.368259975724291E+00
 1.344510759838211E-02 -3.401629913551372E+00
 1.358521554120957E-02 -3.436570980843116E+00
 1.372678351219226E-02 -3.472653039581020E+00
 1.386982672590091E-02 -3.509369055604909E+00
 1.401436055545339E-02 -3.546117980311644E+00
 1.416040053416681E-02 -3.582224693476520E+00
 1.430796235722680E-02 -3.617321589582383E+00
 1.445706188337451E-02 -3.651597645331915E+00
 1.460771513661088E-02 -3.685493052974368E+00
 1.475993830791866E-02 -3.719490977404327E+00
 1.491374775700269E-02 -3.754125519351143E+00
 1.506916001404801E-02 -3.790031844541299E+00
 1.522619178149628E-02 -3.827939080312380E+00
 1.538485993584103E-02 -3.868657154857430E+00
 1.554518152944130E-02 -3.913113570918935E+00
 1.570717379235421E-02 -3.962353587625428E+00
 1.587085413418687E-02 -4.017554942437835E+00
 1.603624014596737E-02 -4.079593672476812E+00
 1.620334960203517E-02 -4.148601974260711E+00
 1.637220046195156E-02 -4.224380091242294E+00
 1.654281087242975E-02 -4.306712905846979E+00
 1.671519916928494E-02 -4.395280853563093E+00
 1.688938387940519E-02 -4.489654980775345E+00
 1.706538372274237E-02 -4.589339059008271E+00
 1.724321761432408E-02 -4.693723188786752E+00
 1.742290466628638E-02 -4.802033554526782E+00
 1.760446418992798E-02 -4.913401435548311E+00
 1.778791569778559E-02 -5.026783216472259E+00
 1.797327890573083E-02 -5.141278897092738E+00
 1.816057373508937E-02 -5.256625292303801E+00
 1.834982031478178E-02 -5.372843825699524E+00
 1.854103898348674E-02 -5.489910705396731E+00
 1.873425029182709E-02 -5.607855368548806E+00
 1.892947500457829E-02 -5.726705273527633E+00
 1.912673410290001E-02 -5.846445910977444E+00
 1.932604878659117E-02 -5.967108680492979E+00
 1.952744047636826E-02 -6.088772483002403E+00
 1.973093081616731E-02 -6.211470443845176E+00
 1.993654167547028E-02 -6.335236079651693E+00
 2.014429515165523E-02 -6.460320655777075E+00
 2.035421357237113E-02 -6.587445128038764E+00
 2.056631949793760E-02 -6.717625688773301E+00
 2.078063572376949E-02 -6.852070735064514E+00
 2.099718528282654E-02 -6.992158680514077E+00
 2.121599144808905E-02 -7.139391380228389E+00
 2.143707773505897E-02 -7.295510762332815E+00
 2.166046790428698E-02 -7.462476290156254E+00
 2.188618596392639E-02 -7.642475362076605E+00
 2.211425617231312E-02 -7.837940312927187E+00
 2.234470304057290E-02 -8.051593135939829E+00
 2.257755133525534E-02 -8.286432628191818E+00
 2.281282608099591E-02 -8.545732638520946E+00
 2.305055256320526E-02 -8.833099949788004E+00
 2.329075633078653E-02 -9.152473209239945E+00
 2.353346319888142E-02 -9.508203180960045E+00
 2.377869925164447E-02 -9.905100425538992E+00
 2.402649084504620E-02 -1.034839389649913E+01
 2.427686460970594E-02 -1.084383645853259E+01
 2.452984745375375E-02 -1.139772206755545E+01
 2.478546656572206E-02 -1.201695352940503E+01
 2.504374941746807E-02 -1.270913586904526E+01
 2.530472376712599E-02 -1.348181291239469E+01
 2.556841766209012E-02 -1.434025996727171E+01
 2.583485944202945E-02 -1.528772125116597E+01
 2.610407774193325E-02 -1.632730140476894E+01
 2.637610149518833E-02 -1.746201418096762E+01
 2.665095993668893E-02 -1.869474022061615E+01
 2.692868260597844E-02 -2.002820324090417E+01
 2.720929935042393E-02 -2.146495973499957E+01
 2.749284032842422E-02 -2.300732723964397E+01
 2.777933601265092E-02 -2.465729673393838E+01
 2.806881719332319E-02 -2.641645165790422E+01
 2.836131498151714E-02 -2.828700506347902E+01
 2.865686081250925E-02 -3.027616292942388E+01
 2.895548644915477E-02 -3.239626798046774E+01
 2.925722398530120E-02 -3.466129629370749E+01
 2.956210584923779E-02 -3.708640739652478E+01
 2.987016480718050E-02 -3.968824528187361E+01
 3.018143396679324E-02 -4.248500059044264E+01
 3.049594678074640E-02 -4.549654123773358E+01
 3.081373705031190E-02 -4.874452977112242E+01
 3.113483892899564E-02 -5.225258278188184E+01
 3.145928692620846E-02 -5.604647226170771E+01
 3.178711591097469E-02 -6.015417854773771E+01
 3.211836111567957E-02 -6.460613498302672E+01
 3.245305813985581E-02 -6.943543995904389E+01
 3.279124295400949E-02 -7.467801784360216E+01
 3.313295190348603E-02 -8.037277260432505E+01
 3.347822171237605E-02 -8.656195451618566E+01
 3.382708948746228E-02 -9.329131074645883E+01
 3.417959272220766E-02 -1.006103093268987E+02
 3.453576930078447E-02 -1.085725070039072E+02
 3.489565750214624E-02 -1.172357936107993E+02
 3.525929600414129E-02 -1.266629093706127E+02
 3.562672388766965E-02 -1.369210941305844E+02
 3.599798064088332E-02 -1.480780848703081E+02
 3.637310616342986E-02 -1.602009287468127E+02
 3.675214077074056E-02 -1.733598860946971E+02
 3.713512519836343E-02 -1.876300186577971E+02
 3.752210060634079E-02 -2.030912761611459E+02
 3.791310858363300E-02 -2.198287698985703E+02
 3.830819115258816E-02 -2.379330473314741E+02
 3.870739077345815E-02 -2.575005821676200E+02
 3.911075034896210E-02 -2.786339254202140E+02
 3.951831322889707E-02 -3.014420214179089E+02
 3.993012321479694E-02 -3.260410837421423E+02
 4.034622456464006E-02 -3.525596747036361E+02
 4.076666199760544E-02 -3.811417669693903E+02
 4.119148069887892E-02 -4.119434190112971E+02
 4.162072632450946E-02 -4.451315379367063E+02
 4.205444500631563E-02 -4.808847108250052E+02
 4.249268335684354E-02 -5.193940773682016E+02
 4.293548847437664E-02 -5.608641484206457E+02
 4.338290794799698E-02 -6.055137044275748E+02
 4.383498986270021E-02 -6.535766523926413E+02
 4.429178280456297E-02 -7.053030590348552E+02
 4.475333586596463E-02 -7.609603209632339E+02
 4.521969865086357E-02 -8.208354482260831E+02
 4.569092128012785E-02 -8.852376235137826E+02
 4.616705439692199E-02 -9.544982723528777E+02
 4.664814917214976E-02 -1.028971461242762E+03
 4.713425730995340E-02 -1.109035748794349E+03
 4.762543105327044E-02 -1.195095574352570E+03
 4.812172318944855E-02 -1.287583010127605E+03
 4.862318705591832E-02 -1.386959630915808E+03
 4.912987654592576E-02 -1.493718246114814E+03
 4.964184611432444E-02 -1.608385003304128E+03
 5.015915078342744E-02 -1.731521685594108E+03
 5.068184614892120E-02 -1.863725639218778E+03
 5.120998838584003E-02 -2.005629990646856E+03
 5.174363425460358E-02 -2.157907966079390E+03
 5.228284110711716E-02 -2.321277007519753E+03
 5.282766689293499E-02 -2.496501535492464E+03
 5.337817016548850E-02 -2.684395832089498E+03
 5.393441008837922E-02 -2.885827168920085E+03
 5.449644644173689E-02 -3.101719024321940E+03
 5.506433962864433E-02 -3.333054654858447E+03
 5.563815068162922E-02 -3.580880762147808E+03
 5.621794126922298E-02 -3.846311585342981E+03
 5.680377370258890E-02 -4.130530665854620E+03
 5.739571094221834E-02 -4.434791949325243E+03
 5.799381660469748E-02 -4.760426369592952E+03
 5.859815496954447E-02 -5.108848848779063E+03
 5.920879098611725E-02 -5.481563403933378E+03
 5.982579028059401E-02 -5.880168459934839E+03
 6.044921916302636E-02 -6.306362640723823E+03
 6.107914463446535E-02 -6.761950686225069E+03
 6.171563439416244E-02 -7.248849838292998E+03
 6.235875684684547E-02 -7.769096889931200E+03
 6.300858111006978E-02 -8.324855531080171E+03
 6.366517702164667E-02 -8.918418251327734E+03
 6.432861514714916E-02 -9.552204525939322E+03
 6.499896678749535E-02 -1.022877285267300E+04
 6.567630398661178E-02 -1.095083680888086E+04
 6.636069953917571E-02 -1.172127431823288E+04
 6.705222699843857E-02 -1.254313701525240E+04
 6.775096068413125E-02 -1.341966065075600E+04
 6.845697569045080E-02 -1.435427566632996E+04
 6.917034789413125E-02 -1.535061843738734E+04
 6.989115396259839E-02 -1.641254358997297E+04
 7.061947136220896E-02 -1.754413787154234E+04
 7.135537836657629E-02 -1.874972110220935E+04
 7.209895406498276E-02 -2.003383174211005E+04
 7.285027837087912E-02 -2.140124705843877E+04
 7.360943203047356E-02 -2.285702066797747E+04
 7.437649663140911E-02 -2.440649944315255E+04
 7.515155461153224E-02 -2.605533924891213E+04
 7.593468926775288E-02 -2.780952259750483E+04
 7.672598476499594E-02 -2.967537677060158E+04
 7.752552614524702E-02 -3.165959329802012E+04
 7.833339933669216E-02 -3.376924817868735E+04
 7.914969116295227E-02 -3.601182635564924E+04
 7.997448935241447E-02 -3.839522536846528E+04
 8.080788254766066E-02 -4.092772124852728E+04
 8.164996031499354E-02 -4.361799614087369E+04
 8.250081315406307E-02 -4.647520909827935E+04
 8.336053250759211E-02 -4.950902795889913E+04
 8.422921077120421E-02 -5.272965522543695E+04
 8.510694130335371E-02 -5.614785669867344E+04
 8.599381843535871E-02 -5.977499177112416E+04
 8.688993748153918E-02 -6.362304554998504E+04
 8.779539474946103E-02 -6.770466224387600E+04
 8.871028755028572E-02 -7.203318520037593E+04
 8.963471420922883E-02 -7.662266760861060E+04
 9.056877407612755E-02 -8.148779721974695E+04
 9.151256753611738E-02 -8.664392507297319E+04
 9.246619602042100E-02 -9.210719764248826E+04
 9.342976201724965E-02 -9.789461684258611E+04
 9.440336908281684E-02 -1.040240802641418E+05
 9.538712185246874E-02 -1.105144266857570E+05
 9.638112605192874E-02 -1.173854844075143E+05
 9.738548850866018E-02 -1.246581216259402E+05
 9.840031716334785E-02 -1.323542996214991E+05
 9.942572108149773E-02 -1.404971349720227E+05
 1.004618104651589E-01 -1.491109288654229E+05
 1.015086966647673E-01 -1.582210451359086E+05
 1.025664921911126E-01 -1.678539255842920E+05
 1.036353107274294E-01 -1.780373027521902E+05
 1.047152671416164E-01 -1.888003082371987E+05
 1.058064774985796E-01 -2.001735328761571E+05
 1.069090590727078E-01 -2.121890977304753E+05
 1.080231303604750E-01 -2.248807276526124E+05
 1.091488110931759E-01 -2.382838287895321E+05
 1.102862222497939E-01 -2.524355699099937E+05
 1.114354860700025E-01 -2.673749741041174E+05
 1.125967260673027E-01 -2.831429840393796E+05
 1.137700670422977E-01 -2.997822958894729E+05
 1.149556350961048E-01 -3.173373444258470E+05
 1.161535576439078E-01 -3.358546104246815E+05
 1.173639634286513E-01 -3.553828040261039E+05
 1.185869825348759E-01 -3.759729553816424E+05
 1.198227464026993E-01 -3.976785198815956E+05
 1.210713878419422E-01 -4.205554880135906E+05
 1.223330410464016E-01 -4.446625007300649E+05
 1.236078416082731E-01 -4.700609694049608E+05
 1.248959265327228E-01 -4.968152088549031E+05
 1.261974342526115E-01 -5.249925540009104E+05
 1.275125046433734E-01 -5.546631432758842E+05
 1.288412790380470E-01 -5.858998403205818E+05
 1.301839002424657E-01 -6.187786601524258E+05
 1.315405125506055E-01 -6.533790734174917E+05
 1.329112617600915E-01 -6.897841366198419E+05
 1.342962951878679E-01 -7.280806423468394E+05
 1.356957616860302E-01 -7.683592779081347E+05
 1.371098116578224E-01 -8.107147892484688E+05
 1.385385970738016E-01 -8.552461511548378E+05
 1.399822714881701E-01 -9.020567517084957E+05
 1.414409900552779E-01 -9.512545767527610E+05
 1.429149095462986E-01 -1.002952047127935E+06
 1.444041883660766E-01 -1.057265915806302E+06
 1.459089865701516E-01 -1.114317746511098E+06
 1.474294658819605E-01 -1.174234335140103E+06
 1.489657897102176E-01 -1.237147900336107E+06
 1.505181231664763E-01 -1.303196293788773E+06
 1.520866330828748E-01 -1.372523220428944E+06
 1.536714880300647E-01 -1.445278466611952E+06
 1.552728583353288E-01 -1.521618135739398E+06
 1.568909161008853E-01 -1.601704895538749E+06
 1.585258352223846E-01 -1.685708239783968E+06
 1.601777914075987E-01 -1.773804502504108E+06
 1.618469621953035E-01 -1.866176846742699E+06
 1.635335269743600E-01 -1.963015724015634E+06
 1.652376670029944E-01 -2.064519357660874E+06
 1.669595654282764E-01 -2.170894017633433E+06
 1.686994073058035E-01 -2.282354310146311E+06
 1.704573796195895E-01 -2.399123477905557E+06
 1.722336713021594E-01 -2.521433709385877E+06
 1.740284732548541E-01 -2.649526457539882E+06
 1.758419783683481E-01 -2.783652766836443E+06
 1.776743815433784E-01 -2.924073608810063E+06
 1.795258797116923E-01 -3.071060245185075E+06
 1.813966718572103E-01 -3.224894609470872E+06
 1.832869590374125E-01 -3.385869660321004E+06
 1.851969444049470E-01 -3.554289737584693E+06
 1.871268332294614E-01 -3.730470948123514E+06
 1.890768329196648E-01 -3.914741560624494E+06
 1.910471530456187E-01 -4.107442410970259E+06
 1.930380053612587E-01 -4.308927316605290E+06
 1.950496038271525E-01 -4.519563500671114E+06
 1.970821646334955E-01 -4.739732023019167E+06
 1.991359062233438E-01 -4.969828179550582E+06
 2.012110493160918E-01 -5.210262402159506E+06
 2.033078169311928E-01 -5.461461610451656E+06
 2.054264344121268E-01 -5.723869445638908E+06
 2.075671294506202E-01 -5.997946094795842E+06
 2.097301321111144E-01 -6.284168788362003E+06
 2.119156748554919E-01 -6.583032350241398E+06
 2.141239925680606E-01 -6.895049744157510E+06
 2.163553225807953E-01 -7.220752631081070E+06
 2.186099046988449E-01 -7.560691936669638E+06
 2.208879812263062E-01 -7.915438422715686E+06
 2.231897969922623E-01 -8.285583147234434E+06
 2.255155993770961E-01 -8.671739064837296E+06
 2.278656383390775E-01 -9.074544298365366E+06
 2.302401664412249E-01 -9.494662456784043E+06
 2.326394388784508E-01 -9.932781239306342E+06
 2.350637135049864E-01 -1.038961296504348E+07
 2.375132508620939E-01 -1.086589537214052E+07
 2.399883142060688E-01 -1.136239237269544E+07
 2.424891695365306E-01 -1.187989482029651E+07
 2.450160856250111E-01 -1.241922128937763E+07
 2.475693340438405E-01 -1.298121885830768E+07
 2.501491891953325E-01 -1.356676364092528E+07
 2.527559283412753E-01 -1.417676332862591E+07
 2.553898316327303E-01 -1.481216433072058E+07
 2.580511821401385E-01 -1.547395285093728E+07
 2.607402658837453E-01 -1.616315084655207E+07
 2.634573718643368E-01 -1.688081628859353E+07
 2.662027920943008E-01 -1.762804442803290E+07
 2.689768216290105E-01 -1.840596891477884E+07
 2.717797585985331E-01 -1.921576293578930E+07
 2.746119042396707E-01 -2.005864037282883E+07
 2.774735629283365E-01 -2.093585697650155E+07
 2.803650422122640E-01 -2.184871123709036E+07
 2.832866528440615E-01 -2.279854727255778E+07
 2.862387088146094E-01 -2.378676484045802E+07
 2.892215273868036E-01 -2.481482226083970E+07
 2.922354291296547E-01 -2.588423080113062E+07
 2.952807379527383E-01 -2.699655453540635E+07
 2.983577811410063E-01 -2.815341227264291E+07
 3.014668893899627E-01 -2.935647923249717E+07
 3.046083968412016E-01 -3.060748875431091E+07
 3.077826411183189E-01 -3.190823404024243E+07
 3.109899633631988E-01 -3.326056992707584E+07
 3.142307082726745E-01 -3.466641390047100E+07
 3.175052241355745E-01 -3.612775108751686E+07
 3.208138628701552E-01 -3.764666196069813E+07
 3.241569800619196E-01 -3.922533333893110E+07
 3.275349350018341E-01 -4.086603991975938E+07
 3.309480907249434E-01 -4.257113983201756E+07
 3.343968140493835E-01 -4.434307870346588E+07
 3.378814756158078E-01 -4.618439285270597E+07
 3.414024499272175E-01 -4.809771256227356E+07
 3.449601153892115E-01 -5.008576546340559E+07
 3.485548543506555E-01 -5.215138004020795E+07
 3.521870531447713E-01 -5.429748987387386E+07
 3.558571021306579E-01 -5.652713578477016E+07
 3.595653957352455E-01 -5.884344501421165E+07
 3.633123324956828E-01 -6.124962211006810E+07
 3.670983151021695E-01 -6.374897258178779E+07
 3.709237504412356E-01 -6.634491605305417E+07
 3.747890496394675E-01 -6.904098853997077E+07
 3.786946281076955E-01 -7.184084581936672E+07
 3.826409055856362E-01 -7.474826692222121E+07
 3.866283061870037E-01 -7.776715769023091E+07
 3.906572584450913E-01 -8.090155439537632E+07
 3.947281953588241E-01 -8.415562190416372E+07
 3.988415544392955E-01 -8.753366227341953E+07
 4.029977777567889E-01 -9.104039592113601E+07
 4.071973119882845E-01 -9.468117092631820E+07
 4.114406084654667E-01 -9.846175061106597E+07
 4.157281232232301E-01 -1.023881783697649E+08
 4.200603170486885E-01 -1.064668072503373E+08
 4.244376555306969E-01 -1.107043192211528E+08
 4.288606091098917E-01 -1.151077443191682E+08
 4.333296531292455E-01 -1.196844809597474E+08
 4.378452678851577E-01 -1.244423174801352E+08
 4.424079386790691E-01 -1.293894733791366E+08
 4.470181558696195E-01 -1.345346499404824E+08
 4.516764149253492E-01 -1.398858640276166E+08
 4.563832164779449E-01 -1.454492891657909E+08
 4.611390663760445E-01 -1.512301824288174E+08
 4.659444757396040E-01 -1.572337344931489E+08
 4.707999610148246E-01 -1.634649919095788E+08
 4.757060440296585E-01 -1.699288147984861E+08
 4.806632520498912E-01 -1.766298410161241E+08
 4.856721178358051E-01 -1.835724470767856E+08
 4.907331796994399E-01 -1.907607055968412E+08
 4.958469815624423E-01 -1.981982686537078E+08
 5.010140730145239E-01 -2.058879857755281E+08
 5.062350093725287E-01 -2.138378042435119E+08
 5.115103517401099E-01 -2.220685512264975E+08
 5.168406670680350E-01 -2.306096999494886E+08
 5.222265282151184E-01 -2.394937381605507E+08
 5.276685140097847E-01 -2.487565796367781E+08
 5.331672093122773E-01 -2.584379555947104E+08
 5.387232050775176E-01 -2.685817445624827E+08
 5.443370984186099E-01 -2.792363268272044E+08
 5.500094926710207E-01 -2.904549651112287E+08
 5.557409974574155E-01 -3.022964579584484E+08
 5.615322287531775E-01 -3.148279155736563E+08
 5.673838089526103E-01 -3.280978175549167E+08
 5.732963669358229E-01 -3.420888881083779E+08
 5.792705381363197E-01 -3.567351287368639E+08
 5.853069646092927E-01 -3.719571208588262E+08
 5.914062951006210E-01 -3.876613335504677E+08
 5.975691851165945E-01 -4.037379675398483E+08
 6.037962969943641E-01 -4.200593707879474E+08
 6.100882999731211E-01 -4.364783308685040E+08
 6.164458702660224E-01 -4.528262354630697E+08
 6.228696911328675E-01 -4.689102807648298E+08
 6.293604529535244E-01 -4.844974619721954E+08
 6.359188533021312E-01 -4.994350792684525E+08
 6.425455970220618E-01 -5.139318710627983E+08
 6.492413963016774E-01 -5.285033971478923E+08
 6.560069707508706E-01 -5.437571222437173E+08
 6.628430474783970E-01 -5.603855223925675E+08
 6.697503611700224E-01 -5.791800723743812E+08
 6.767296541674829E-01 -6.010405232494867E+08
 6.837816765482606E-01 -6.269848832326552E+08
 6.909071862061986E-01 -6.581601591334691E+08
 6.981069489329558E-01 -6.958563847852341E+08
 7.053817385003015E-01 -7.415929736665926E+08
 7.127323367432815E-01 -7.966097073698230E+08
 7.201595336442372E-01 -8.602471724930725E+08
 7.276641274177090E-01 -9.300132258831584E+08
 7.352469245962243E-01 -1.002848578424016E+09
 7.429087401169717E-01 -1.075248950770422E+09
 7.506503974093877E-01 -1.143178414766631E+09
 7.584727284836521E-01 -1.202018694727739E+09
 7.663765740201040E-01 -1.246514766844588E+09
 7.743627834595906E-01 -1.270716291098540E+09
 7.824322150947630E-01 -1.267907793235222E+09
 7.905857361623120E-01 -1.230174905089954E+09
 7.988242229361748E-01 -1.150425071550905E+09
 8.071485608217127E-01 -1.031491300928697E+09
 8.155596444508599E-01 -8.871360681309755E+08
 8.240583777782798E-01 -7.348166590344393E+08
 8.326456741785077E-01 -5.944278000244422E+08
 8.413224565441149E-01 -4.888419938308841E+08
 8.500896573848978E-01 -4.441950506907132E+08
 8.589482189280903E-01 -4.901902422365094E+08
 8.678990932196285E-01 -6.604257388033657E+08
 8.769432422264738E-01 -9.927572690230911E+08
 8.860816379399891E-01 -1.530775934861474E+09
 8.953152624804053E-01 -2.319253364329891E+09
 9.046451082023735E-01 -3.372106760474819E+09
 9.140721778016093E-01 -4.663973200140314E+09
 9.235974844226603E-01 -6.156287527941214E+09
 9.332220517677861E-01 -7.804466594372555E+09
 9.429469142069783E-01 -9.555994965380001E+09
 9.527731168891312E-01 -1.134960816143357E+10
 9.627017158543579E-01 -1.311443983228532E+10
 9.727337781474890E-01 -1.476910229217905E+10
 9.828703819327531E-01 -1.622067876355732E+10
 9.931126166096421E-01 -1.735937716624007E+10
 1.003461582929995E+00 -1.807130512289342E+10
 1.013918393116299E+00 -1.839326296246127E+10
 1.024484170981219E+00 -1.858065747038741E+10
 1.035160052048378E+00 -1.884510289474895E+10
 1.045947183674393E+00 -1.917991394827375E+10
 1.056846725172182E+00 -1.950702499013837E+10
 1.067859847935561E+00 -1.981484633078999E+10
 1.078987735565134E+00 -2.012724721075863E+10
 1.090231583995494E+00 -2.045211857415567E+10
 1.101592601623760E+00 -2.078313896499140E+10
 1.113072009439436E+00 -2.111670098596837E+10
 1.124671041155638E+00 -2.145425763414040E+10
 1.136390943341687E+00 -2.179731956215573E+10
 1.148232975557074E+00 -2.214575258837437E+10
 1.160198410486826E+00 -2.249909144470216E+10
 1.172288534078293E+00 -2.285735908109340E+10
 1.184504645679341E+00 -2.322077657865700E+10
 1.196848058178002E+00 -2.358943619386729E+10
 1.209320098143570E+00 -2.396334290688649E+10
 1.221922105969166E+00 -2.434252882446404E+10
 1.234655436015804E+00 -2.472705848889758E+10
 1.247521456757932E+00 -2.511699308568119E+10
 1.260521550930515E+00 -2.551238228540259E+10
 1.273657115677637E+00 -2.591327409381309E+10
 1.286929562702653E+00 -2.631971956926166E+10
 1.300340318419908E+00 -2.673177013421437E+10
 1.313890824108041E+00 -2.714947570603367E+10
 1.327582536064873E+00 -2.757288492383637E+10
 1.341416925763927E+00 -2.800204599096437E+10
 1.355395480012563E+00 -2.843700646965055E+10
 1.369519701111772E+00 -2.887781301944633E+10
 1.383791107017631E+00 -2.932451130515920E+10
 1.398211231504439E+00 -2.977714592306950E+10
 1.412781624329552E+00 -3.023576048465134E+10
 1.427503851399947E+00 -3.070039733301974E+10
 1.442379494940502E+00 -3.117109766736626E+10
 1.457410153664047E+00 -3.164790123107096E+10
 1.472597442943184E+00 -3.213084644669827E+10
 1.487942994983883E+00 -3.261997013691956E+10
 1.503448459000906E+00 -3.311530755930303E+10
 1.519115501395056E+00 -3.361689223924125E+10
 1.534945805932252E+00 -3.412475585748723E+10
 1.550941073924508E+00 -3.463892822688870E+10
 1.567103024412754E+00 -3.515943702148305E+10
 1.583433394351599E+00 -3.568630787646321E+10
 1.599933938796006E+00 -3.621956400731494E+10
 1.616606431089897E+00 -3.675922635682361E+10
 1.633452663056751E+00 -3.730531320110372E+10
 1.650474445192170E+00 -3.785784023522240E+10
 1.667673606858457E+00 -3.841682026912068E+10
 1.685051996481215E+00 -3.898226316223053E+10
 1.702611481748014E+00 -3.955417567535506E+10
 1.720353949809098E+00 -4.013256121328751E+10
 1.738281307480216E+00 -4.071741984243843E+10
 1.756395481447542E+00 -4.130874786232443E+10
 1.774698418474738E+00 -4.190653793202791E+10
 1.793192085612187E+00 -4.251077855874606E+10
 1.811878470408384E+00 -4.312145421758112E+10
 1.830759581123543E+00 -4.373854488362544E+10
 1.849837446945441E+00 -4.436202601977516E+10
 1.869114118207480E+00 -4.499186825812132E+10
 1.888591666609050E+00 -4.562803717420653E+10
 1.908272185438186E+00 -4.627049316595787E+10
 1.928157789796516E+00 -4.691919099902576E+10
 1.948250616826600E+00 -4.757407985798155E+10
 1.968552825941593E+00 -4.823510272603941E+10
 1.989066599057328E+00 -4.890219650339271E+10
 2.009794140826819E+00 -4.957529135596114E+10
 2.030737678877184E+00 -5.025431074812019E+10
 2.051899464049058E+00 -5.093917090666823E+10
 2.073281770638504E+00 -5.162978063852459E+10
 2.094886896641425E+00 -5.232604100595575E+10
 2.116717164000531E+00 -5.302784486739630E+10
 2.138774918854899E+00 -5.373507678132713E+10
 2.161062531792101E+00 -5.444761229500562E+10
 2.183582398102976E+00 -5.516531800053673E+10
 2.206336938039072E+00 -5.588805069164972E+10
 2.229328597072733E+00 -5.661565741103222E+10
 2.252559846159941E+00 -5.734797465270062E+10
 2.276033182005852E+00 -5.808482822176974E+10
 2.299751127333136E+00 -5.882603263403738E+10
 2.323716231153100E+00 -5.957139066883125E+10
 2.347931069039622E+00 -6.032069303758716E+10
 2.372398243405963E+00 -6.107371760286064E+10
 2.397120383784454E+00 -6.183022928469772E+10
 2.422100147109090E+00 -6.258997902939429E+10
 2.447340218001076E+00 -6.335270380926522E+10
 2.472843309057360E+00 -6.411812552743398E+10
 2.498612161142141E+00 -6.488595089564886E+10
 2.524649543681457E+00 -6.565587048233949E+10
 2.550958254960800E+00 -6.642755828170016E+10
 2.577541122425862E+00 -6.720067104426089E+10
 2.604401002986413E+00 -6.797484744421509E+10
 2.631540783323325E+00 -6.874970772177748E+10
 2.658963380198813E+00 -6.952485247704625E+10
 2.686671740769916E+00 -7.029986252153796E+10
 2.714668842905215E+00 -7.107429746164142E+10
 2.742957695504878E+00 -7.184769553523633E+10
 2.771541338824046E+00 -7.261957223337810E+10
 2.800422844799548E+00 -7.338941986694873E+10
 2.829605317380065E+00 -7.415670644344124E+10
 2.859091892859722E+00 -7.492087478905080E+10
 2.888885740215131E+00 -7.568134178678595E+10
 2.918990061445991E+00 -7.643749700845932E+10
 2.949408091919191E+00 -7.718870227609334E+10
 2.980143100716532E+00 -7.793428991336748E+10
 3.011198390986066E+00 -7.867356243201079E+10
 3.042577300297080E+00 -7.940579065968027E+10
 3.074283200998793E+00 -8.013021324787987E+10
 3.106319500582803E+00 -8.084603496935541E+10
 3.138689642049272E+00 -8.155242577804932E+10
 3.171397104276967E+00 -8.224851947727472E+10
 3.204445402397149E+00 -8.293341219210339E+10
 3.237838088171326E+00 -8.360616145586589E+10
 3.271578750372997E+00 -8.426578412511664E+10
 3.305671015173318E+00 -8.491125574685443E+10
 3.340118546530822E+00 -8.554150813640723E+10
 3.374925046585209E+00 -8.615542871335619E+10
 3.410094256055193E+00 -8.675185808966220E+10
 3.445629954640538E+00 -8.732958901055092E+10
 3.481535961428279E+00 -8.788736426230154E+10
 3.517816135303145E+00 -8.842387496280881E+10
 3.554474375362293E+00 -8.893775894523724E+10
 3.591514621334361E+00 -8.942759832299426E+10
 3.628940854002848E+00 -8.989191830350995E+10
 3.666757095633976E+00 -9.032918416977777E+10
 3.704967410408932E+00 -9.073780025187497E+10
 3.743575904860670E+00 -9.111610667838483E+10
 3.782586728315267E+00 -9.146237807802115E+10
 3.822004073337819E+00 -9.177482051434627E+10
 3.861832176183047E+00 -9.205156952870123E+10
 3.902075317250588E+00 -9.229068754802704E+10
 3.942737821544986E+00 -9.249016105989737E+10
 3.983824059140523E+00 -9.264789856859573E+10
 4.025338445650895E+00 -9.276172693037527E+10
 4.067285442703739E+00 -9.282938967311609E+10
 4.109669558420140E+00 -9.284854278805661E+10
 4.152495347899150E+00 -9.281675297839285E+10
 4.195767413707292E+00 -9.273149339111678E+10
 4.239490406373251E+00 -9.259014127587108E+10
 4.283669024887635E+00 -9.238997409688849E+10
 4.328308017208005E+00 -9.212816622895523E+10
 4.373412180769154E+00 -9.180178567783369E+10
 4.418986362998676E+00 -9.140778969006949E+10
 4.465035461837932E+00 -9.094302202710107E+10
 4.511564426268467E+00 -9.040420767339117E+10
 4.558578256843847E+00 -8.978795029224937E+10
 4.606082006227098E+00 -8.909072650946417E+10
 4.654080779733737E+00 -8.830888293546616E+10
 4.702579735880415E+00 -8.743863062072339E+10
 4.751584086939358E+00 -8.647604113660928E+10
 4.801099099498495E+00 -8.541704159834436E+10
 4.851130095027489E+00 -8.425740928728134E+10
 4.901682450449662E+00 -8.299276730850803E+10
 4.952761598719824E+00 -8.161857847575085E+10
 5.004373029408186E+00 -8.013014191217502E+10
 5.056522289290349E+00 -7.852258444169891E+10
 5.109214982943392E+00 -7.679085440420366E+10
 5.162456773348223E+00 -7.492971682315904E+10
 5.216253382498201E+00 -7.293375788366168E+10
 5.270610592014072E+00 -7.079737373419189E+10
 5.325534243765327E+00 -6.851472802706444E+10
 5.381030240498075E+00 -6.607973828400358E+10
 5.437104546469360E+00 -6.348619378912613E+10
 5.493763188088220E+00 -6.072784361762296E+10
 5.551012254563298E+00 -5.779799711937164E+10
 5.608857898557287E+00 -5.468898052417697E+10
 5.667306336848182E+00 -5.139315706744949E+10
 5.726363850997375E+00 -4.790539428193954E+10
 5.786036788024775E+00 -4.422092609763008E+10
 5.846331561090907E+00 -4.032576131047364E+10
 5.900000000000000E+00 -3.670055783878264E+10
 5.907254650186180E+00 -3.619852650375752E+10
 5.910000000000000E+00 -3.600778518963268E+10
 5.920000000000000E+00 -3.530962574453262E+10
 5.968812602827270E+00 -3.183855413921799E+10
 6.031012034760821E+00 -2.730494282484238E+10
 6.093859630674425E+00 -2.256802979531341E+10
 6.157362144915061E+00 -1.740411693492875E+10
 6.221526402214986E+00 -1.170965683239892E+10
 6.286359298425207E+00 -6.030456792267691E+09
 6.351867801256575E+00 -1.072232526869806E+09
 6.418058951028645E+00 3.716513334530869E+09
 6.484939861426290E+00 9.911013484952824E+09
 6.552517720264222E+00 1.785115559563494E+10
 6.620799790259499E+00 2.616295897396131E+10
 6.689793409812042E+00 3.387306410711681E+10
 6.759505993793322E+00 4.141390468436167E+10
 6.829945034343232E+00 4.947905767183492E+10
 6.901118101675296E+00 5.813701504719386E+10
 6.973032844890258E+00 6.717695225785928E+10
 7.045696992798117E+00 7.655552518711993E+10
 7.119118354748796E+00 8.635027636627048E+10
 7.193304821471393E+00 9.660998416978299E+10
 7.268264365922238E+00 1.073435190082141E+11
 7.344005044141734E+00 1.185473553480355E+11
 7.420534996120180E+00 1.302087618327573E+11
 7.497862446672584E+00 1.423604487586343E+11
 7.575995706322592E+00 1.551416355258270E+11
 7.654943172195629E+00 1.686035537073428E+11
 7.734713328921376E+00 1.823675621600261E+11
 7.815314749545622E+00 1.960983624065355E+11
 7.896756096451598E+00 2.109609095103535E+11
 7.979046122290976E+00 2.290072484379304E+11
 8.062193670924518E+00 2.486704043222859E+11
 8.146207678372539E+00 2.672164235782031E+11
 8.231097173775272E+00 2.856710198987944E+11
 8.316871280363262E+00 3.051251851434874E+11
 8.403539216437855E+00 3.254236687658015E+11
 8.491110296361882E+00 3.466340699037288E+11
 8.579593931560721E+00 3.687752723667416E+11
 8.668999631533747E+00 3.918819040854174E+11
 8.759337004876336E+00 4.159836699721893E+11
 8.850615760312508E+00 4.411091824114858E+11
 8.942845707738364E+00 4.672833562388199E+11
 9.036036759276355E+00 4.945284456696229E+11
 9.130198930340573E+00 5.228635605141133E+11
 9.225342340713091E+00 5.523029437350850E+11
 9.321477215631607E+00 5.828551059126217E+11
 9.418613886888330E+00 6.145205469402855E+11
 9.516762793940361E+00 6.472972329177542E+11
 9.615934485031657E+00 6.811564993172212E+11
 9.716139618326656E+00 7.161345494605061E+11
 9.817388963055743E+00 7.519022633344751E+11
 9.919693400672616E+00 7.889792775450830E+11
 1.002306392602376E+01 8.289390773529185E+11
 1.012751164853009E+01 8.700747627273911E+11
 1.023304779338083E+01 9.097975398947114E+11
 1.033968370274003E+01 9.492733766872196E+11
 1.044743083696542E+01 9.897776447969958E+11
 1.055630077584011E+01 1.031170539778608E+12
 1.066630521981711E+01 1.073529559469580E+12
 1.077745599127678E+01 1.117023991729022E+12
 1.088976503579742E+01 1.161775753221867E+12
 1.100324442343904E+01 1.207892459127458E+12
 1.111790635004060E+01 1.255487691378080E+12
 1.123376313853072E+01 1.304680832216738E+12
 1.135082724025201E+01 1.355586285349246E+12
 1.146911123629924E+01 1.408315951114187E+12
 1.158862783887151E+01 1.462984566504918E+12
 1.170938989263840E+01 1.519692673020189E+12
 1.183141037612042E+01 1.578524486455350E+12
 1.195470240308384E+01 1.639634269276125E+12
 1.207927922395006E+01 1.703204410272315E+12
 1.220515422721965E+01 1.769313465328608E+12
 1.233234094091121E+01 1.837991585177563E+12
 1.246085303401532E+01 1.909307333275791E+12
 1.259070431796350E+01 1.983346808596996E+12
 1.272190874811258E+01 2.060192449973303E+12
 1.285448042524452E+01 2.139918953581322E+12
 1.298843359708181E+01 2.222577724377120E+12
 1.312378265981875E+01 2.308230330186750E+12
 1.326054215966859E+01 2.396973145740547E+12
 1.339872679442686E+01 2.488870653146209E+12
 1.353835141505097E+01 2.583952096164365E+12
 1.367943102725626E+01 2.682261775911931E+12
 1.382198079312870E+01 2.783846169138326E+12
 1.396601603275438E+01 2.888742675493934E+12
 1.411155222586600E+01 2.996990848716606E+12
 1.425860501350650E+01 3.108606886766289E+12
 1.440719019971001E+01 3.223599541244342E+12
 1.455732375320038E+01 3.342037161623414E+12
 1.470902180910734E+01 3.463974143734706E+12
 1.486230067070056E+01 3.589407757602824E+12
 1.501717681114184E+01 3.718358215691543E+12
 1.517366687525547E+01 3.850865024210206E+12
 1.533178768131709E+01 3.986962524280825E+12
 1.549155622286118E+01 4.126669757541015E+12
 1.565298967050739E+01 4.270029099963960E+12
 1.581610537380592E+01 4.417148071464014E+12
 1.598092086310204E+01 4.568115474332926E+12
 1.614745385142021E+01 4.722991138104424E+12
 1.631572223636762E+01 4.881877534936891E+12
 1.648574410205779E+01 5.044917145975426E+12
 1.665753772105399E+01 5.212261770979266E+12
 1.683112155633312E+01 5.384068939226385E+12
 1.700651426326993E+01 5.560579717299914E+12
 1.718373469164193E+01 5.742114424036316E+12
 1.736280188765519E+01 5.928984678423056E+12
 1.754373509599136E+01 6.121533475877367E+12
 1.772655376187584E+01 6.320203178620006E+12
 1.791127753316762E+01 6.525482876946790E+12
 1.809792626247091E+01 6.737908925318621E+12
 1.828652000926867E+01 6.958199926185939E+12
 1.847707904207853E+01 7.187182324434821E+12
 1.866962384063095E+01 7.425693928516644E+12
 1.886417509807036E+01 7.674731561748207E+12
 1.906075372317902E+01 7.935410180768781E+12
 1.925938084262409E+01 8.209039001365959E+12
 1.946007780322822E+01 8.496810055681969E+12
 1.966286617426370E+01 8.802545466983859E+12
 1.986776774977059E+01 9.123062924520883E+12
 2.007480455089884E+01 9.442885608232902E+12
 2.028399882827512E+01 9.761946894482086E+12
 2.049537306439403E+01 1.009160364551936E+13
 2.070894997603431E+01 1.043107901447846E+13
 2.092475251670035E+01 1.077859602166744E+13
 2.114280387908897E+01 1.113547079080060E+13
 2.136312749758201E+01 1.150175846796095E+13
 2.158574705076487E+01 1.187784058122161E+13
 2.181068646397124E+01 1.226400214112421E+13
 2.203796991185452E+01 1.266068041090916E+13
 2.226762182098578E+01 1.306833931792830E+13
 2.249966687247899E+01 1.348732996594261E+13
 2.273413000464357E+01 1.391800435401920E+13
 2.297103641566450E+01 1.436071785440745E+13
 2.321041156631044E+01 1.481592032857666E+13
 2.345228118267007E+01 1.528413207165315E+13
 2.369667125891688E+01 1.576577263836245E+13
 2.394360806010286E+01 1.626124524016211E+13
 2.419311812498118E+01 1.677095459505491E+13
 2.444522826885841E+01 1.729533062038617E+13
 2.469996558647645E+01 1.783494207414249E+13
 2.495735745492434E+01 1.839032654172443E+13
 2.521743153658063E+01 1.896187866674331E+13
 2.548021578208625E+01 1.954999593576288E+13
 2.574573843334848E+01 2.015522105463470E+13
 2.601402802657602E+01 2.077815537299387E+13
 2.628511339534602E+01 2.141930435155941E+13
 2.655902367370271E+01 2.207909004105137E+13
 2.683578829928864E+01 2.275792560526046E+13
 2.711543701650822E+01 2.345640033046163E+13
 2.739799987972457E+01 2.417515721566521E+13
 2.768350725648945E+01 2.491463051415050E+13
 2.797198983080687E+01 2.567519445448367E+13
 2.826347860643086E+01 2.645737991145252E+13
 2.855800491019742E+01 2.726181364567982E+13
 2.885560039539132E+01 2.808898108547462E+13
 2.915629704514786E+01 2.893917058894636E+13
 2.946012717589027E+01 2.981325527964851E+13
 2.976712344080276E+01 3.071040915987941E+13
 3.007731883333975E+01 3.162825769648338E+13
 3.039074669077185E+01 3.257042892197622E+13
 3.070744069776865E+01 3.354223348872237E+13
 3.102743489001883E+01 3.454295254894691E+13
 3.135076365788803E+01 3.557174334704840E+13
 3.167746175011494E+01 3.662980029383903E+13
 3.200756427754569E+01 3.771801043860250E+13
 3.234110671690740E+01 3.883745299329983E+13
 3.267812491462080E+01 3.998899104547323E+13
 3.301865509065283E+01 4.117336747207389E+13
 3.336273384240918E+01 4.239174243801612E+13
 3.371039814866754E+01 4.364519390551306E+13
 3.406168537355170E+01 4.493447392025325E+13
 3.441663327054726E+01 4.626048880162839E+13
 3.477527998655899E+01 4.762450144720641E+13
 3.513766406601047E+01 4.902766117500800E+13
 3.550382445498675E+01 5.047075999145703E+13
 3.587380050541973E+01 5.195481613130491E+13
 3.624763197931750E+01 5.348118392357100E+13
 3.662535905303765E+01 5.505089001397310E+13
 3.700702232160501E+01 5.666492642472894E+13
 3.739266280307461E+01 5.832471502517423E+13
 3.778232194293975E+01 6.003139344326089E+13
 3.817604161858648E+01 6.178583839082131E+13
 3.857386414379408E+01 6.358944631615145E+13
 3.897583227328258E+01 6.544356730810940E+13
 3.938198920730779E+01 6.734921327069158E+13
 3.979237859630408E+01 6.930786233958712E+13
 4.020704454557556E+01 7.132089054954000E+13
 4.062603162003607E+01 7.338924624618756E+13
 4.104938484899884E+01 7.551440131336966E+13
 4.147714973101572E+01 7.769784416403438E+13
 4.190937223876710E+01 7.994075042868997E+13
 4.234609882400252E+01 8.224474263262744E+13
 4.278737642253312E+01 8.461122251081262E+13
 4.323325245927584E+01 8.704133241612336E+13
 4.368377485335014E+01 8.953674541607997E+13
 4.413899202322817E+01 9.209893971744845E+13
 4.459895289193826E+01 9.472944705879309E+13
 4.506370689232283E+01 9.742999542184394E+13
 4.553330397235089E+01 1.002018634464585E+14
 4.600779460048624E+01 1.030466912739215E+14
 4.648722977111134E+01 1.059662445623350E+14
 4.697166101000764E+01 1.089621785235354E+14
 4.746114037989332E+01 1.120363672735168E+14
 4.795572048601852E+01 1.151903740028442E+14
 4.845545448181890E+01 1.184259455422270E+14
 4.896039607462805E+01 1.217450330439092E+14
 4.947059953144975E+01 1.251496048841035E+14
 4.998611968478991E+01 1.286417385100026E+14
 5.050701193854967E+01 1.322231625002562E+14
 5.103333227397965E+01 1.358960808481662E+14
 5.156513725569643E+01 1.396628482201459E+14
 5.210248403776172E+01 1.435253596767090E+14
 5.264543036982456E+01 1.474859903563253E+14
 5.319403460332808E+01 1.515473292248604E+14
 5.374835569778048E+01 1.557118939642705E+14
 5.430845322709155E+01 1.599822177631039E+14
 5.487438738597513E+01 1.643609045638817E+14
 5.544621899641845E+01 1.688508388611101E+14
 5.602400951421874E+01 1.734552021720588E+14
 5.660782103558790E+01 1.781771752769277E+14
 5.719771630382630E+01 1.830197302438782E+14
 5.779375871606572E+01 1.879864499592829E+14
 5.839601233008289E+01 1.930809073311064E+14
 5.900454187118377E+01 1.983095738534958E+14
 5.961941273915983E+01 2.036696224031911E+14
 6.024069101531661E+01 2.091472755958788E+14
 6.086844346957569E+01 2.147564070875678E+14
 6.150273756765032E+01 2.205228529439789E+14
 6.214364147829647E+01 2.264486769915117E+14
 6.279122408063873E+01 2.325333393677661E+14
 6.344555497157303E+01 2.387812683869065E+14
 6.410670447324632E+01 2.451951642260861E+14
 6.477474364061422E+01 2.517783385169668E+14
 6.544974426907744E+01 2.585340946101302E+14
 6.613177890219764E+01 2.654659079268145E+14
 6.682092083949406E+01 2.725771985462052E+14
 6.751724414432098E+01 2.798713617806031E+14
 6.822082365182743E+01 2.873520737631094E+14
 6.893173497699995E+01 2.950233072642539E+14
 6.965005452278906E+01 3.028889197191586E+14
 7.037585948832044E+01 3.109528260442188E+14
 7.110922787719150E+01 3.192193297270080E+14
 7.185023850585482E+01 3.276924993928899E+14
 7.259897101208854E+01 3.363768044992801E+14
 7.335550586355515E+01 3.452768656222192E+14
 7.411992436644967E+01 3.543970631603286E+14
 7.489230867423761E+01 3.637424679752426E+14
 7.567274179648425E+01 3.733179326566218E+14
 7.646130760777577E+01 3.831283504025740E+14
 7.725809085673338E+01 3.931793403907677E+14
 7.806317717512158E+01 4.034760519699467E+14
 7.887665308705097E+01 4.140239805934601E+14
 7.969860601827723E+01 4.248293454962034E+14
 8.052912430559698E+01 4.358977484364088E+14
 8.136829720634135E+01 4.472351225122221E+14
 8.221621490796886E+01 4.588478981166905E+14
 8.307296853775779E+01 4.707423435978340E+14
 8.393865017259998E+01 4.829254061848760E+14
 8.481335284889634E+01 4.954041192710529E+14
 8.569717057255586E+01 5.081851215248567E+14
 8.659019832909833E+01 5.212756933859141E+14
 8.749253209386289E+01 5.346837005102184E+14
 8.840426884232244E+01 5.484167610606582E+14
 8.932550656050586E+01 5.624824329969234E+14
 9.025634425552886E+01 5.768888908850022E+14
 9.119688196623424E+01 5.916447749571326E+14
 9.214722077394349E+01 6.067586218132961E+14
 9.310746281331988E+01 6.222390493074278E+14
 9.407771128334548E+01 6.380951199796049E+14
 9.505807045841166E+01 6.543360084334275E+14
 9.604864569952608E+01 6.709710122739954E+14
 9.704954346563579E+01 6.880096094355220E+14
 9.806087132506856E+01 7.054624947865285E+14
 9.908273796709366E+01 7.233394096142950E+14
 1.001152532136026E+02 7.416392512692258E+14
 1.011585280309121E+02 7.603602149847165E+14
 1.022126745416899E+02 7.795228820453720E+14
 1.032778060370044E+02 7.991539974857795E+14
 1.043540369885009E+02 8.192631382615875E+14
 1.054414830607034E+02 8.398523098963392E+14
 1.065402611234458E+02 8.609280719003404E+14
 1.076504892644317E+02 8.825060094186301E+14
 1.087722868019259E+02 9.046061223031808E+14
 1.099057742975776E+02 9.272405825345972E+14
 1.110510735693771E+02 9.504157612124682E+14
 1.122083077047484E+02 9.741423294995945E+14
 1.133776010737770E+02 9.984340052699808E+14
 1.145590793425766E+02 1.023303549377554E+15
 1.157528694867944E+02 1.048765126369811E+15
 1.169590998052578E+02 1.074831697981592E+15
 1.181778999337625E+02 1.101510092904295E+15
 1.194094008590048E+02 1.128812555000773E+15
 1.206537349326592E+02 1.156764184054152E+15
 1.219110358856021E+02 1.185384691016412E+15
 1.231814388422844E+02 1.214682182723875E+15
 1.244650803352538E+02 1.244668357996889E+15
 1.257620983198273E+02 1.275359966676707E+15
 1.270726321889187E+02 1.306773663976440E+15
 1.283968227880183E+02 1.338926944316206E+15
 1.297348124303308E+02 1.371831161606083E+15
 1.310867449120693E+02 1.405496011245609E+15
 1.324527655279095E+02 1.439947823820216E+15
 1.338330210866048E+02 1.475215486102654E+15
 1.352276599267645E+02 1.511311397747910E+15
 1.366368319327953E+02 1.548247476183138E+15
 1.380606885510101E+02 1.586043396419238E+15
 1.394993828059042E+02 1.624720582566484E+15
 1.409530693166012E+02 1.664298073497834E+15
 1.424219043134697E+02 1.704786144690430E+15
 1.439060456549144E+02 1.746204275035838E+15
 1.454056528443408E+02 1.788589698404654E+15
 1.469208870472979E+02 1.831966772475972E+15
 1.484519111087982E+02 1.876346971200249E+15
 1.499988895708198E+02 1.921750462771412E+15
 1.515619886899895E+02 1.968203742255980E+15
 1.531413764554507E+02 2.015728225593874E+15
 1.547372226069179E+02 2.064335846905364E+15
 1.563496986529185E+02 2.114053767032590E+15
 1.579789778892253E+02 2.164925222772522E+15
 1.596252354174811E+02 2.216973835116886E+15
 1.612886481640169E+02 2.270214746612406E+15
 1.629693948988666E+02 2.324674295494926E+15
 1.646676562549799E+02 2.380380840916211E+15
 1.663836147476351E+02 2.437363121717232E+15
 1.681174547940542E+02 2.495639891494543E+15
 1.698693627332231E+02 2.555232040962042E+15
 1.716395268459170E+02 2.616187156511774E+15
 1.734281373749362E+02 2.678544715982674E+15
 1.752353865455509E+02 2.742321579795818E+15
 1.770614685861609E+02 2.807546798513698E+15
 1.789065797491688E+02 2.874253932610411E+15
 1.807709183320724E+02 2.942460860986944E+15
 1.826546846987758E+02 3.012202070893895E+15
 1.845580813011224E+02 3.083534044327768E+15
 1.864813127006537E+02 3.156489757029476E+15
 1.884245855905931E+02 3.231091920791029E+15
 1.903881088180601E+02 3.307378292462202E+15
 1.923720934065152E+02 3.385374559821709E+15
 1.943767525784392E+02 3.465111168881224E+15
 1.964023017782482E+02 3.546649044780929E+15
 1.984489586954484E+02 3.630036311901630E+15
 2.005169432880313E+02 3.715309805614296E+15
 2.026064778061127E+02 3.802513355794442E+15
 2.047177868158190E+02 3.891665916364617E+15
 2.068510972234209E+02 3.982799195718914E+15
 2.090066382997204E+02 4.075982128348938E+15
 2.111846417046899E+02 4.171260323234081E+15
 2.133853415123702E+02 4.268665909298016E+15
 2.156089742360261E+02 4.368237374002864E+15
 2.178557788535648E+02 4.470006485873598E+15
 2.201259968332203E+02 4.574038496138816E+15
 2.224198721595032E+02 4.680401914923192E+15
 2.247376513594232E+02 4.789134610564980E+15
 2.270795835289831E+02 4.900275244677902E+15
 2.294459203599501E+02 5.013859190486722E+15
 2.318369161669049E+02 5.129949881352944E+15
 2.342528279145742E+02 5.248627610301246E+15
 2.366939152454468E+02 5.369936920296956E+15
 2.391604405076774E+02 5.493924685404395E+15
 2.416526687832826E+02 5.620641469207515E+15
 2.441708679166289E+02 5.750127237691008E+15
 2.467153085432188E+02 5.882463095500942E+15
 2.492862641187766E+02 6.017733250106119E+15
 2.518840109486369E+02 6.155982661239447E+15
 2.545088282174397E+02 6.297251708882476E+15
 2.571609980191351E+02 6.441600196649952E+15
 2.598408053873006E+02 6.589121101103256E+15
 2.625485383257731E+02 6.739897338441670E+15
 2.652844878396029E+02 6.893969728210596E+15
 2.680489479663273E+02 7.051382367492472E+15
 2.708422158075715E+02 7.212229987394194E+15
 2.736645915609793E+02 7.376616045369390E+15
 2.765163785524752E+02 7.544594806178604E+15
 2.793978832688637E+02 7.716210169249251E+15
 2.823094153907680E+02 7.891550820110597E+15
 2.852512878259121E+02 8.070730638418777E+15
 2.882238167427491E+02 8.253821510390076E+15
 2.912273216044407E+02 8.440877211689994E+15
 2.942621252031907E+02 8.631956988246620E+15
 2.973285536949360E+02 8.827229583575140E+15
 3.004269366343984E+02 9.026934198220892E+15
 3.035576070105038E+02 9.230981116005664E+15
 3.067209012821680E+02 9.439246498846614E+15
 3.099171594144572E+02 9.651966528894952E+15
 3.131467249151244E+02 9.869330601281642E+15
 3.164099448715267E+02 1.009137329046892E+16
 3.197071699879280E+02 1.031817224973757E+16
 3.230387546231890E+02 1.054987113887522E+16
 3.264050568288515E+02 1.078658651797568E+16
 3.298064383876184E+02 1.102837226257606E+16
 3.332432648522354E+02 1.127534299642819E+16
 3.367159055847778E+02 1.152765308636963E+16
 3.402247337963458E+02 1.178538879288028E+16
 3.437701265871752E+02 1.204862510595214E+16
 3.473524649871642E+02 1.231752237735824E+16
 3.509721339968238E+02 1.259221586025346E+16
 3.546295226286545E+02 1.287276766200348E+16
 3.583250239489538E+02 1.315932021213722E+16
 3.620590351200606E+02 1.345204865422439E+16
 3.658319574430382E+02 1.375104316396384E+16
 3.696441964008028E+02 1.405639155487131E+16
 3.734961617017024E+02 1.436827705568121E+16
 3.773882673235480E+02 1.468685625699364E+16
 3.813209315581048E+02 1.501220400833461E+16
 3.852945770560470E+02 1.534449481200131E+16
 3.893096308723809E+02 1.568390590216880E+16
 3.933665245123407E+02 1.603051878971472E+16
 3.974656939777636E+02 1.638451528991491E+16
 4.016075798139483E+02 1.674608073070258E+16
 4.057926271569999E+02 1.711530720471639E+16
 4.100212857816704E+02 1.749238687549519E+16
 4.142940101496967E+02 1.787750893191632E+16
 4.186112594586425E+02 1.827078266679628E+16
 4.229734976912487E+02 1.867240859756871E+16
 4.273811936652990E+02 1.908257219831983E+16
 4.318348210840039E+02 1.950141142334215E+16
 4.363348585869115E+02 1.992914388057796E+16
 4.408817898013471E+02 2.036594507294004E+16
 4.454761033943891E+02 2.081196367913159E+16
 4.501182931253880E+02 2.126742459695604E+16
 4.548088578990310E+02 2.173251131732310E+16
 4.595483018189600E+02 2.220741898442286E+16
 4.643371342419493E+02 2.269236849676303E+16
 4.691758698326462E+02 2.318753376575729E+16
 4.740650286188840E+02 2.369314255898572E+16
 4.790051360475691E+02 2.420940910683725E+16
 4.839967230411527E+02 2.473654376983859E+16
 4.890403260546898E+02 2.527477858521582E+16
 4.941364871334932E+02 2.582433841063923E+16
 4.992857539713872E+02 2.638548553446751E+16
 5.044886799695704E+02 2.695819317528681E+16
 5.097458242960902E+02 2.754236327096828E+16
 5.150577519459375E+02 2.813840588655070E+16
 5.204250338017681E+02 2.874681543632975E+16
 5.258482466952563E+02 2.936783598079017E+16
 5.313279734690882E+02 3.000167373261261E+16
 5.368648030396005E+02 3.064859194381748E+16
 5.424593304600731E+02 3.130890942775808E+16
 5.481121569846799E+02 3.198290055657141E+16
 5.538238901331072E+02 3.267079785285373E+16
 5.595951437558446E+02 3.337287174911479E+16
 5.654265381001567E+02 3.408945405983936E+16
 5.713186998767426E+02 3.482085475069640E+16
 5.772722623270889E+02 3.556735117639908E+16
 5.832878652915264E+02 3.632925517451434E+16
 5.893661552779937E+02 3.710685452466455E+16
 5.955077855315196E+02 3.790045521056254E+16
 6.017134161044280E+02 3.871044106364499E+16
 6.079837139272752E+02 3.953714557950982E+16
 6.143193528805258E+02 4.038087649129291E+16
 6.207210138669763E+02 4.124198670425912E+16
 6.271893848849330E+02 4.212079681816246E+16
 6.337251611021519E+02 4.301768900099253E+16
 6.403290449305500E+02 4.393306602573902E+16
 6.470017461016953E+02 4.486728703040525E+16
 6.537439817430819E+02 4.582072305603029E+16
 6.605564764552018E+02 4.679372250365802E+16
 6.674399623894190E+02 4.778669989488391E+16
 6.743951793266548E+02 4.880011072033910E+16
 6.814228747568937E+02 4.983433765386694E+16
 6.885238039595174E+02 5.088975018734115E+16
 6.956987300844760E+02 5.196682137156814E+16
 7.029484242343054E+02 5.306602668046358E+16
 7.102736655469993E+02 5.418775408636008E+16
 7.176752412797431E+02 5.533243218685619E+16
 7.251539468935244E+02 5.650053074715041E+16
 7.327105861386202E+02 5.769253702644530E+16
 7.403459711409795E+02 5.890896133262168E+16
 7.480609224895020E+02 6.015024874645260E+16
 7.558562693242299E+02 6.141682279048643E+16
 7.637328494254560E+02 6.270925315785731E+16
 7.716915093037629E+02 6.402808306281705E+16
 7.797331042909973E+02 6.537373590944878E+16
 7.878584986321951E+02 6.674677450135525E+16
 7.960685655784630E+02 6.814779180475239E+16
 8.043641874808296E+02 6.957726676715576E+16
 8.127462558850713E+02 7.103571267231108E+16
 8.212156716275298E+02 7.252372351265643E+16
 8.297733449319262E+02 7.404189770943910E+16
 8.384201955071845E+02 7.559077723810653E+16
 8.471571526462745E+02 7.717090184714858E+16
 8.559851553260841E+02 7.878288435468317E+16
 8.649051523083335E+02 8.042736231221730E+16
 8.739181022415409E+02 8.210490370476006E+16
 8.830249737640478E+02 8.381605784935322E+16
 8.922267456081235E+02 8.556149697275885E+16
 9.015244067051493E+02 8.734187014420693E+16
 9.109189562919008E+02 8.915771689466624E+16
 9.204114040179394E+02 9.100970842556688E+16
 9.300027700541186E+02 9.289853584020915E+16
 9.396940852022257E+02 9.482476046670131E+16
 9.494863910057632E+02 9.678902122124026E+16
 9.593807398618858E+02 9.879199514171462E+16
 9.693781951345024E+02 1.008343434544901E+17
 9.794798312685595E+02 1.029164777663734E+17
 9.896867339055118E+02 1.050409156283593E+17
 1.000000000000000E+03 1.072114956769302E+17
